Evaluation of 6CFH
Main class is 6
Packing is 2D
The number of interfaces is 1

Interface 1
Sheets: 3+1, 1+8
Sidechains: (1S3G5M7M9A11Q,1S3G5M7M9A11Q)+(2W4M6G8L,2W4M6G8L10S)
Sc: 0.72
B.Area: 306.7
SDi: 1.58
Class: 6

Buried area details:
Sheets: 3+1
residue	type	s.ch.	b.b.	total
1	S	20.0	0.8	20.8
2	W	0.0	8.5	8.5
3	G	12.8	7.4	20.2
4	M	0.0	4.9	4.9
5	M	47.2	0.2	47.4
6	G	0.0	0.0	0.0
7	M	57.8	1.2	59.0
8	L	0.0	4.6	4.6
9	A	54.2	1.9	56.1
10	S	0.0	3.7	3.7
11	Q	71.4	1.2	72.6
1	S	12.7	1.8	14.5
2	W	0.0	9.1	9.1
3	G	13.7	9.9	23.6
4	M	0.0	8.5	8.5
5	M	63.2	0.2	63.4
6	G	0.0	0.0	0.0
7	M	63.6	2.0	65.6
8	L	0.0	5.3	5.3
9	A	51.5	4.4	55.9
10	S	0.0	7.6	7.6
11	Q	76.4	0.8	77.2
1	S	0.0	2.6	2.6
2	W	113.0	0.0	113.0
3	G	0.0	0.0	0.0
4	M	68.1	1.1	69.2
5	M	0.0	7.4	7.4
6	G	20.7	4.4	25.1
7	M	0.0	1.0	1.0
8	L	48.0	0.0	48.0
9	A	0.0	0.0	0.0
10	S	9.3	0.7	10.0
11	Q	0.0	12.4	12.4
1	S	0.0	14.9	14.9
2	W	104.6	0.3	104.9
3	G	0.0	0.0	0.0
4	M	65.8	0.5	66.3
5	M	0.0	8.7	8.7
6	G	16.7	9.5	26.2
7	M	0.0	6.8	6.8
8	L	48.8	0.1	48.9
9	A	0.0	0.0	0.0
10	S	12.7	0.4	13.1
11	Q	0.0	19.8	19.8

Sheets: 1+8
residue	type	s.ch.	b.b.	total
1	S	20.0	0.8	20.8
2	W	0.0	8.5	8.5
3	G	13.0	7.4	20.4
4	M	0.0	4.9	4.9
5	M	47.2	0.2	47.4
6	G	0.0	0.0	0.0
7	M	57.8	1.3	59.1
8	L	0.0	4.6	4.6
9	A	54.2	1.9	56.1
10	S	0.0	3.7	3.7
11	Q	71.4	1.2	72.6
1	S	12.7	1.8	14.5
2	W	0.0	9.1	9.1
3	G	13.7	9.9	23.6
4	M	0.0	8.5	8.5
5	M	63.2	0.2	63.4
6	G	0.0	0.0	0.0
7	M	63.6	2.0	65.6
8	L	0.0	5.3	5.3
9	A	51.7	4.4	56.1
10	S	0.0	7.6	7.6
11	Q	76.4	0.8	77.2
1	S	0.0	2.6	2.6
2	W	113.0	0.0	113.0
3	G	0.0	0.0	0.0
4	M	68.1	1.1	69.2
5	M	0.0	7.6	7.6
6	G	20.7	4.4	25.1
7	M	0.0	1.0	1.0
8	L	48.0	0.0	48.0
9	A	0.0	0.0	0.0
10	S	9.3	0.7	10.0
11	Q	0.0	12.4	12.4
1	S	0.0	14.9	14.9
2	W	104.3	0.3	104.6
3	G	0.0	0.0	0.0
4	M	65.8	0.5	66.3
5	M	0.0	8.7	8.7
6	G	16.7	9.4	26.1
7	M	0.0	6.9	6.9
8	L	48.8	0.1	48.9
9	A	0.0	0.0	0.0
10	S	12.7	0.4	13.1
11	Q	0.0	19.8	19.8


