Evaluation of 4XFN
Main class is 7
Packing is 2D
The number of interfaces is 1

Interface 1
Sheets: 1+2, 1+19, 2+13
Sidechains: (1A3V5F,2E4V6T)+(1A3V5F,2E4V6T)
Sc: 0.82
B.Area: 130.8
SDi: 1.41
Class: 7

Buried area details:
Sheets: 1+2
residue	type	s.ch.	b.b.	total
1	A	33.0	2.4	35.4
2	E	0.0	5.3	5.3
3	V	31.6	0.0	31.6
4	V	0.0	0.0	0.0
5	F	46.9	0.0	46.9
6	T	0.0	0.0	0.0
1	A	0.0	0.0	0.0
2	E	47.0	0.0	47.0
3	V	0.0	0.0	0.0
4	V	55.2	1.9	57.1
5	F	0.0	2.5	2.5
6	T	28.6	0.0	28.6
1	A	13.8	0.2	14.0
2	E	0.0	0.0	0.0
3	V	42.0	0.0	42.0
4	V	0.0	0.0	0.0
5	F	78.9	0.0	78.9
6	T	0.0	0.0	0.0
1	A	0.0	0.0	0.0
2	E	47.9	0.0	47.9
3	V	0.0	0.0	0.0
4	V	40.6	0.5	41.1
5	F	0.0	0.0	0.0
6	T	44.3	0.0	44.3

Sheets: 1+19
residue	type	s.ch.	b.b.	total
1	A	33.5	2.1	35.6
2	E	0.0	5.4	5.4
3	V	31.3	0.0	31.3
4	V	0.0	0.0	0.0
5	F	47.7	0.0	47.7
6	T	0.0	0.0	0.0
1	A	0.0	0.0	0.0
2	E	46.8	0.0	46.8
3	V	0.0	0.0	0.0
4	V	56.0	1.8	57.8
5	F	0.0	2.4	2.4
6	T	28.7	0.0	28.7
1	A	13.9	0.2	14.1
2	E	0.0	0.0	0.0
3	V	41.0	0.0	41.0
4	V	0.0	0.0	0.0
5	F	79.4	0.0	79.4
6	T	0.0	0.0	0.0
1	A	0.0	0.0	0.0
2	E	49.1	0.0	49.1
3	V	0.0	0.0	0.0
4	V	40.6	0.5	41.1
5	F	0.0	0.0	0.0
6	T	43.4	0.0	43.4

Sheets: 2+13
residue	type	s.ch.	b.b.	total
1	A	13.9	0.2	14.1
2	E	0.0	0.0	0.0
3	V	41.0	0.0	41.0
4	V	0.0	0.0	0.0
5	F	79.4	0.0	79.4
6	T	0.0	0.0	0.0
1	A	0.0	0.0	0.0
2	E	49.1	0.0	49.1
3	V	0.0	0.0	0.0
4	V	40.6	0.5	41.1
5	F	0.0	0.0	0.0
6	T	43.4	0.0	43.4
1	A	33.5	2.1	35.6
2	E	0.0	5.4	5.4
3	V	31.3	0.0	31.3
4	V	0.0	0.0	0.0
5	F	47.7	0.0	47.7
6	T	0.0	0.0	0.0
1	A	0.0	0.0	0.0
2	E	46.8	0.0	46.8
3	V	0.0	0.0	0.0
4	V	56.0	1.8	57.8
5	F	0.0	2.4	2.4
6	T	28.7	0.0	28.7


