Evaluation of 4W5M
Main class is 8
Packing is 2D
The number of interfaces is 1

Interface 1
Sheets: 1+2, 1+13, 2+18
Sidechains: (3Y5L,4M)+(3Y5L,4M)
Sc: 0.83
B.Area: 99.7
SDi: 1.31
Class: 8

Buried area details:
Sheets: 1+2
residue	type	s.ch.	b.b.	total
1	G	0.0	0.0	0.0
2	G	1.0	5.8	6.8
3	Y	86.2	0.0	86.2
4	M	0.0	0.0	0.0
5	L	35.1	0.0	35.1
6	G	0.0	0.0	0.0
7	S	0.0	0.0	0.0
1	G	0.0	0.0	0.0
2	G	0.0	0.0	0.0
3	Y	0.0	0.0	0.0
4	M	67.1	0.0	67.1
5	L	0.0	0.0	0.0
6	G	0.9	0.2	1.1
7	S	0.0	13.8	13.8
1	G	0.7	10.6	11.3
2	G	3.7	3.0	6.7
3	Y	78.8	0.0	78.8
4	M	0.0	0.0	0.0
5	L	19.5	0.0	19.5
6	G	0.0	0.0	0.0
7	S	0.0	0.0	0.0
1	G	0.0	0.0	0.0
2	G	0.0	0.0	0.0
3	Y	0.0	0.0	0.0
4	M	23.0	0.0	23.0
5	L	0.0	0.2	0.2
6	G	0.0	0.0	0.0
7	S	0.0	44.9	44.9

Sheets: 1+13
residue	type	s.ch.	b.b.	total
1	G	0.0	0.0	0.0
2	G	1.2	5.8	7.0
3	Y	87.3	0.0	87.3
4	M	0.0	0.0	0.0
5	L	36.5	0.0	36.5
6	G	0.0	0.0	0.0
7	S	0.0	0.0	0.0
1	G	0.0	0.0	0.0
2	G	0.0	0.0	0.0
3	Y	0.0	0.0	0.0
4	M	68.0	0.0	68.0
5	L	0.0	0.0	0.0
6	G	1.1	0.2	1.3
7	S	0.0	13.8	13.8
1	G	0.8	11.1	11.9
2	G	3.3	2.4	5.7
3	Y	80.4	0.0	80.4
4	M	0.0	0.0	0.0
5	L	20.1	0.0	20.1
6	G	0.0	0.0	0.0
7	S	0.0	0.0	0.0
1	G	0.0	0.0	0.0
2	G	0.0	0.0	0.0
3	Y	0.0	0.0	0.0
4	M	23.6	0.0	23.6
5	L	0.0	0.2	0.2
6	G	0.0	0.0	0.0
7	S	0.0	44.7	44.7

Sheets: 2+18
residue	type	s.ch.	b.b.	total
1	G	0.8	11.1	11.9
2	G	3.3	2.4	5.7
3	Y	80.4	0.0	80.4
4	M	0.0	0.0	0.0
5	L	20.1	0.0	20.1
6	G	0.0	0.0	0.0
7	S	0.0	0.0	0.0
1	G	0.0	0.0	0.0
2	G	0.0	0.0	0.0
3	Y	0.0	0.0	0.0
4	M	23.6	0.0	23.6
5	L	0.0	0.2	0.2
6	G	0.0	0.0	0.0
7	S	0.0	44.7	44.7
1	G	0.0	0.0	0.0
2	G	1.2	5.8	7.0
3	Y	87.3	0.0	87.3
4	M	0.0	0.0	0.0
5	L	36.5	0.0	36.5
6	G	0.0	0.0	0.0
7	S	0.0	0.0	0.0
1	G	0.0	0.0	0.0
2	G	0.0	0.0	0.0
3	Y	0.0	0.0	0.0
4	M	68.0	0.0	68.0
5	L	0.0	0.0	0.0
6	G	1.1	0.2	1.3
7	S	0.0	13.8	13.8


