Evaluation of 2Y3L
Main class is 7
Packing is 2D
The number of interfaces is 1

Interface 1
Sheets: 2+1, 22+1, 2+15
Sidechains: (1M3G5V7I,2V4G6V)+(1M5V7I,2V4G6V)
Sc: 0.55
B.Area: 166.8
SDi: 1.47
Class: 7

Buried area details:
Sheets: 2+1
residue	type	s.ch.	b.b.	total
1	M	21.3	0.0	21.3
2	V	0.0	0.0	0.0
3	G	7.2	5.7	12.9
4	G	0.9	6.7	7.6
5	V	81.1	0.2	81.3
6	V	0.0	0.2	0.2
7	I	76.8	0.0	76.8
8	A	0.0	0.0	0.0
1	M	0.0	13.0	13.0
2	V	59.7	1.8	61.5
3	G	0.3	3.5	3.8
4	G	7.7	5.0	12.7
5	V	0.0	9.1	9.1
6	V	31.0	0.7	31.7
7	I	0.0	0.0	0.0
8	A	0.0	0.0	0.0
1	M	14.5	0.0	14.5
2	V	0.0	0.0	0.0
3	G	2.1	4.8	6.9
4	G	1.0	3.6	4.6
5	V	79.7	0.0	79.7
6	V	0.0	0.6	0.6
7	I	91.5	0.0	91.5
8	A	0.0	6.3	6.3
1	M	0.0	11.8	11.8
2	V	58.8	0.0	58.8
3	G	0.0	4.2	4.2
4	G	6.5	5.0	11.5
5	V	0.0	5.4	5.4
6	V	51.7	0.0	51.7
7	I	0.0	0.0	0.0
8	A	0.0	0.7	0.7

Sheets: 22+1
residue	type	s.ch.	b.b.	total
1	M	13.0	0.0	13.0
2	V	0.0	0.0	0.0
3	G	5.3	4.7	10.0
4	G	0.5	2.5	3.0
5	V	74.5	0.0	74.5
6	V	0.0	0.7	0.7
7	I	84.7	0.0	84.7
8	A	0.0	7.3	7.3
1	M	0.0	12.7	12.7
2	V	58.1	0.0	58.1
3	G	0.0	3.6	3.6
4	G	7.9	4.6	12.5
5	V	0.0	3.6	3.6
6	V	48.5	0.0	48.5
7	I	0.0	0.0	0.0
8	A	0.0	2.1	2.1
1	M	30.7	0.0	30.7
2	V	0.0	0.0	0.0
3	G	4.3	2.7	7.0
4	G	1.0	7.7	8.7
5	V	73.3	0.9	74.2
6	V	0.0	0.3	0.3
7	I	78.5	0.2	78.7
8	A	0.0	0.0	0.0
1	M	0.0	5.8	5.8
2	V	64.0	1.3	65.3
3	G	0.8	3.0	3.8
4	G	6.8	6.6	13.4
5	V	0.0	10.4	10.4
6	V	28.0	0.2	28.2
7	I	0.0	0.0	0.0
8	A	0.0	0.0	0.0

Sheets: 2+15
residue	type	s.ch.	b.b.	total
1	M	13.1	0.0	13.1
2	V	0.0	0.0	0.0
3	G	5.3	4.7	10.0
4	G	0.5	2.5	3.0
5	V	74.5	0.0	74.5
6	V	0.0	0.7	0.7
7	I	84.7	0.0	84.7
8	A	0.0	7.3	7.3
1	M	0.0	12.7	12.7
2	V	58.1	0.0	58.1
3	G	0.0	3.6	3.6
4	G	7.9	4.6	12.5
5	V	0.0	3.6	3.6
6	V	48.5	0.0	48.5
7	I	0.0	0.0	0.0
8	A	0.0	2.1	2.1
1	M	30.7	0.0	30.7
2	V	0.0	0.0	0.0
3	G	4.3	2.7	7.0
4	G	1.0	7.7	8.7
5	V	73.3	0.9	74.2
6	V	0.0	0.3	0.3
7	I	78.5	0.2	78.7
8	A	0.0	0.0	0.0
1	M	0.0	5.8	5.8
2	V	64.0	1.3	65.3
3	G	0.8	3.0	3.8
4	G	6.8	6.6	13.4
5	V	0.0	10.4	10.4
6	V	27.8	0.2	28.0
7	I	0.0	0.0	0.0
8	A	0.0	0.0	0.0


