Evaluation of 7VI4
Main class is 7
Packing is 3D
The number of interfaces is 2

Interface 1
Sheets: 1+5, 1+10
Sidechains: (2Y4V,3R5T7Y9T)+(2Y4V,3R5T7Y9T)
Sc: 0.58
B.Area: 183.3
SDi: 1.33
Class: 7

Buried area details:
Sheets: 1+5
residue	type	s.ch.	b.b.	total
1	G	0.3	12.5	12.8
2	Y	79.4	0.0	79.4
3	R	0.0	0.0	0.0
4	V	47.3	0.4	47.7
5	T	0.0	3.1	3.1
6	G	5.0	1.2	6.2
7	Y	0.0	0.0	0.0
8	E	1.8	0.0	1.8
9	T	0.0	0.0	0.0
10	Q	0.0	0.0	0.0
1	G	0.0	0.0	0.0
2	Y	0.0	0.0	0.0
3	R	50.2	0.0	50.2
4	V	0.0	0.0	0.0
5	T	61.0	0.0	61.0
6	G	1.4	1.7	3.1
7	Y	56.2	0.0	56.2
8	E	0.0	0.0	0.0
9	T	16.3	0.0	16.3
10	Q	0.0	29.4	29.4
1	G	0.0	12.3	12.3
2	Y	77.8	0.0	77.8
3	R	0.0	0.0	0.0
4	V	48.2	0.3	48.5
5	T	0.0	2.7	2.7
6	G	4.9	1.0	5.9
7	Y	0.0	0.0	0.0
8	E	2.0	0.0	2.0
9	T	0.0	0.0	0.0
10	Q	0.0	0.0	0.0
1	G	0.0	0.0	0.0
2	Y	0.0	0.0	0.0
3	R	50.2	0.0	50.2
4	V	0.0	0.0	0.0
5	T	61.6	0.1	61.7
6	G	1.2	2.1	3.3
7	Y	56.4	0.0	56.4
8	E	0.0	0.0	0.0
9	T	15.6	0.0	15.6
10	Q	0.0	29.6	29.6

Sheets: 1+10
residue	type	s.ch.	b.b.	total
1	G	0.0	12.3	12.3
2	Y	77.8	0.0	77.8
3	R	0.0	0.0	0.0
4	V	48.2	0.3	48.5
5	T	0.0	2.7	2.7
6	G	4.9	1.0	5.9
7	Y	0.0	0.0	0.0
8	E	2.0	0.0	2.0
9	T	0.0	0.0	0.0
10	Q	0.0	0.0	0.0
1	G	0.0	0.0	0.0
2	Y	0.0	0.0	0.0
3	R	50.2	0.0	50.2
4	V	0.0	0.0	0.0
5	T	61.6	0.1	61.7
6	G	1.2	2.1	3.3
7	Y	56.4	0.0	56.4
8	E	0.0	0.0	0.0
9	T	15.6	0.0	15.6
10	Q	0.0	29.6	29.6
1	G	0.3	12.5	12.8
2	Y	79.4	0.0	79.4
3	R	0.0	0.0	0.0
4	V	47.2	0.4	47.6
5	T	0.0	3.1	3.1
6	G	5.0	1.2	6.2
7	Y	0.0	0.0	0.0
8	E	1.9	0.0	1.9
9	T	0.0	0.0	0.0
10	Q	0.0	0.0	0.0
1	G	0.0	0.0	0.0
2	Y	0.0	0.0	0.0
3	R	50.2	0.0	50.2
4	V	0.0	0.0	0.0
5	T	61.0	0.0	61.0
6	G	1.4	1.7	3.1
7	Y	56.1	0.0	56.1
8	E	0.0	0.0	0.0
9	T	16.3	0.0	16.3
10	Q	0.0	29.4	29.4


Interface 2
Sheets: 1+2, 1+17
Sidechains: (3R,8E10Q)+(3R,8E10Q)
Sc: 0.72
B.Area: 121.9
SDi: 2.02
Class: 7

Buried area details:
Sheets: 1+2
residue	type	s.ch.	b.b.	total
1	G	2.8	14.9	17.7
2	Y	0.0	4.7	4.7
3	R	30.5	0.0	30.5
4	V	0.0	0.0	0.0
5	T	0.0	0.0	0.0
6	G	0.0	0.0	0.0
7	Y	0.0	0.0	0.0
8	E	0.0	0.0	0.0
9	T	0.0	0.0	0.0
10	Q	0.0	0.0	0.0
1	G	0.0	0.0	0.0
2	Y	0.0	0.0	0.0
3	R	0.0	0.0	0.0
4	V	0.0	0.0	0.0
5	T	0.0	0.0	0.0
6	G	0.0	0.0	0.0
7	Y	0.0	0.0	0.0
8	E	14.7	1.5	16.2
9	T	0.0	2.6	2.6
10	Q	129.0	43.4	172.4
1	G	3.0	15.8	18.8
2	Y	0.0	4.6	4.6
3	R	31.5	0.0	31.5
4	V	0.0	0.0	0.0
5	T	0.0	0.0	0.0
6	G	0.0	0.0	0.0
7	Y	0.0	0.0	0.0
8	E	0.0	0.0	0.0
9	T	0.0	0.0	0.0
10	Q	0.0	0.0	0.0
1	G	0.0	0.0	0.0
2	Y	0.0	0.0	0.0
3	R	0.0	0.0	0.0
4	V	0.0	0.0	0.0
5	T	0.0	0.0	0.0
6	G	0.0	0.0	0.0
7	Y	0.0	0.0	0.0
8	E	14.3	1.2	15.5
9	T	0.0	2.7	2.7
10	Q	126.7	43.7	170.4

Sheets: 1+17
residue	type	s.ch.	b.b.	total
1	G	3.0	15.8	18.8
2	Y	0.0	4.6	4.6
3	R	31.5	0.0	31.5
4	V	0.0	0.0	0.0
5	T	0.0	0.0	0.0
6	G	0.0	0.0	0.0
7	Y	0.0	0.0	0.0
8	E	0.0	0.0	0.0
9	T	0.0	0.0	0.0
10	Q	0.0	0.0	0.0
1	G	0.0	0.0	0.0
2	Y	0.0	0.0	0.0
3	R	0.0	0.0	0.0
4	V	0.0	0.0	0.0
5	T	0.0	0.0	0.0
6	G	0.0	0.0	0.0
7	Y	0.0	0.0	0.0
8	E	14.4	1.2	15.6
9	T	0.0	2.7	2.7
10	Q	126.7	43.7	170.4
1	G	2.8	14.9	17.7
2	Y	0.0	4.7	4.7
3	R	30.5	0.0	30.5
4	V	0.0	0.0	0.0
5	T	0.0	0.0	0.0
6	G	0.0	0.0	0.0
7	Y	0.0	0.0	0.0
8	E	0.0	0.0	0.0
9	T	0.0	0.0	0.0
10	Q	0.0	0.0	0.0
1	G	0.0	0.0	0.0
2	Y	0.0	0.0	0.0
3	R	0.0	0.0	0.0
4	V	0.0	0.0	0.0
5	T	0.0	0.0	0.0
6	G	0.0	0.0	0.0
7	Y	0.0	0.0	0.0
8	E	14.7	1.5	16.2
9	T	0.0	2.6	2.6
10	Q	129.0	43.4	172.4


