Evaluation of 6M9I
Main class is 8
Packing is 3D
The number of interfaces is 1

Interface 1
Sheets: 1+4, 6+1, 8+1, 1+10
Sidechains: (1G3T,4S6A)+(2S,3T5T)
Sc: 0.74
B.Area: 97.8
SDi: 1.29
Class: 8

Buried area details:
Sheets: 1+4
residue	type	s.ch.	b.b.	total
1	G	14.7	8.5	23.2
2	S	0.0	4.5	4.5
3	T	58.8	1.6	60.4
4	S	0.0	0.0	0.0
5	T	1.7	0.0	1.7
6	A	0.0	0.0	0.0
1	G	0.0	0.0	0.0
2	S	8.5	0.0	8.5
3	T	0.0	0.0	0.0
4	S	31.0	1.2	32.2
5	T	0.0	9.1	9.1
6	A	46.5	12.7	59.2
1	G	0.0	26.3	26.3
2	S	26.5	0.0	26.5
3	T	0.0	0.0	0.0
4	S	8.5	0.0	8.5
5	T	0.0	0.0	0.0
6	A	0.0	0.0	0.0
1	G	0.0	0.0	0.0
2	S	0.0	0.0	0.0
3	T	28.7	0.0	28.7
4	S	0.0	0.0	0.0
5	T	54.5	0.0	54.5
6	A	0.0	48.3	48.3

Sheets: 6+1
residue	type	s.ch.	b.b.	total
1	G	14.3	8.4	22.7
2	S	0.0	3.5	3.5
3	T	59.2	1.5	60.7
4	S	0.0	0.0	0.0
5	T	1.5	0.0	1.5
6	A	0.0	0.0	0.0
1	G	0.0	0.0	0.0
2	S	7.8	0.0	7.8
3	T	0.0	0.0	0.0
4	S	30.8	1.5	32.3
5	T	0.0	9.3	9.3
6	A	46.1	12.5	58.6
1	G	0.0	25.9	25.9
2	S	26.9	0.0	26.9
3	T	0.0	0.0	0.0
4	S	9.2	0.0	9.2
5	T	0.0	0.0	0.0
6	A	0.0	0.0	0.0
1	G	0.0	0.0	0.0
2	S	0.0	0.0	0.0
3	T	28.3	0.0	28.3
4	S	0.0	0.0	0.0
5	T	54.2	0.0	54.2
6	A	0.0	48.6	48.6

Sheets: 8+1
residue	type	s.ch.	b.b.	total
1	G	14.3	8.2	22.5
2	S	0.0	3.7	3.7
3	T	59.1	1.6	60.7
4	S	0.0	0.0	0.0
5	T	2.0	0.0	2.0
6	A	0.0	0.0	0.0
1	G	0.0	0.0	0.0
2	S	8.3	0.0	8.3
3	T	0.0	0.0	0.0
4	S	31.3	1.0	32.3
5	T	0.0	9.1	9.1
6	A	46.5	13.1	59.6
1	G	0.0	26.2	26.2
2	S	26.4	0.0	26.4
3	T	0.0	0.0	0.0
4	S	8.6	0.0	8.6
5	T	0.0	0.0	0.0
6	A	0.0	0.0	0.0
1	G	0.0	0.0	0.0
2	S	0.0	0.0	0.0
3	T	28.2	0.0	28.2
4	S	0.0	0.0	0.0
5	T	54.3	0.0	54.3
6	A	0.1	48.9	49.0

Sheets: 1+10
residue	type	s.ch.	b.b.	total
1	G	15.0	8.3	23.3
2	S	0.0	3.8	3.8
3	T	59.8	1.5	61.3
4	S	0.0	0.0	0.0
5	T	1.3	0.0	1.3
6	A	0.0	0.0	0.0
1	G	0.0	0.0	0.0
2	S	7.4	0.0	7.4
3	T	0.0	0.0	0.0
4	S	30.9	1.1	32.0
5	T	0.0	9.8	9.8
6	A	46.3	12.9	59.2
1	G	0.0	26.5	26.5
2	S	26.3	0.0	26.3
3	T	0.0	0.0	0.0
4	S	8.8	0.0	8.8
5	T	0.0	0.0	0.0
6	A	0.0	0.0	0.0
1	G	0.0	0.0	0.0
2	S	0.0	0.0	0.0
3	T	28.2	0.0	28.2
4	S	0.0	0.0	0.0
5	T	55.7	0.0	55.7
6	A	0.1	48.9	49.0


