Evaluation of 6G9G
Main class is 8
Packing is 3D
The number of interfaces is 1

Interface 1
Sheets: 8+1, 1+9, 1+12, 14+1
Sidechains: (1T3S,4N6S)+(2A4N,3S5S)
Sc: 0.81
B.Area: 100.9
SDi: 1.53
Class: 8

Buried area details:
Sheets: 8+1
residue	type	s.ch.	b.b.	total
1	T	65.1	12.4	77.5
2	A	0.0	2.3	2.3
3	S	18.7	0.0	18.7
4	N	0.0	0.0	0.0
5	S	0.0	0.0	0.0
6	S	0.0	0.0	0.0
1	T	0.0	0.0	0.0
2	A	0.0	0.0	0.0
3	S	0.0	0.0	0.0
4	N	51.7	0.0	51.7
5	S	0.0	4.4	4.4
6	S	31.5	31.7	63.2
1	T	0.0	7.2	7.2
2	A	30.0	1.4	31.4
3	S	0.0	5.5	5.5
4	N	30.6	0.0	30.6
5	S	0.0	0.0	0.0
6	S	0.0	0.0	0.0
1	T	0.0	0.0	0.0
2	A	0.0	0.0	0.0
3	S	28.8	0.0	28.8
4	N	0.0	9.7	9.7
5	S	47.0	0.4	47.4
6	S	0.0	21.7	21.7

Sheets: 1+9
residue	type	s.ch.	b.b.	total
1	T	65.4	11.8	77.2
2	A	0.0	2.4	2.4
3	S	19.1	0.0	19.1
4	N	0.0	0.0	0.0
5	S	0.0	0.0	0.0
6	S	0.0	0.0	0.0
1	T	0.0	0.0	0.0
2	A	0.0	0.0	0.0
3	S	0.0	0.0	0.0
4	N	53.5	0.0	53.5
5	S	0.0	4.0	4.0
6	S	32.3	31.1	63.4
1	T	0.0	6.6	6.6
2	A	30.2	1.5	31.7
3	S	0.0	5.4	5.4
4	N	30.6	0.0	30.6
5	S	0.0	0.0	0.0
6	S	0.0	0.0	0.0
1	T	0.0	0.0	0.0
2	A	0.0	0.0	0.0
3	S	29.6	0.2	29.8
4	N	0.0	9.9	9.9
5	S	48.0	0.5	48.5
6	S	0.0	21.9	21.9

Sheets: 1+12
residue	type	s.ch.	b.b.	total
1	T	66.5	11.9	78.4
2	A	0.0	2.0	2.0
3	S	19.0	0.0	19.0
4	N	0.0	0.0	0.0
5	S	0.0	0.0	0.0
6	S	0.0	0.0	0.0
1	T	0.0	0.0	0.0
2	A	0.0	0.0	0.0
3	S	0.0	0.0	0.0
4	N	53.1	0.0	53.1
5	S	0.0	3.7	3.7
6	S	32.1	31.8	63.9
1	T	0.0	6.9	6.9
2	A	30.7	1.2	31.9
3	S	0.0	5.5	5.5
4	N	31.2	0.0	31.2
5	S	0.0	0.0	0.0
6	S	0.0	0.0	0.0
1	T	0.0	0.0	0.0
2	A	0.0	0.0	0.0
3	S	28.8	0.0	28.8
4	N	0.0	9.8	9.8
5	S	48.3	0.4	48.7
6	S	0.0	21.9	21.9

Sheets: 14+1
residue	type	s.ch.	b.b.	total
1	T	66.3	12.3	78.6
2	A	0.0	2.3	2.3
3	S	18.6	0.0	18.6
4	N	0.0	0.0	0.0
5	S	0.0	0.0	0.0
6	S	0.0	0.0	0.0
1	T	0.0	0.0	0.0
2	A	0.0	0.0	0.0
3	S	0.0	0.0	0.0
4	N	53.8	0.0	53.8
5	S	0.0	4.0	4.0
6	S	31.5	31.7	63.2
1	T	0.0	7.3	7.3
2	A	30.8	1.4	32.2
3	S	0.0	5.2	5.2
4	N	31.4	0.0	31.4
5	S	0.0	0.0	0.0
6	S	0.0	0.0	0.0
1	T	0.0	0.0	0.0
2	A	0.0	0.0	0.0
3	S	29.2	0.2	29.4
4	N	0.0	9.4	9.4
5	S	47.7	0.1	47.8
6	S	0.0	22.6	22.6


