Evaluation of 5W50
Main class is 7
Packing is 3D
The number of interfaces is 3

Interface 1
Sheets: 1+2, 1+9
Sidechains: (1L,4K6I)+(1L,4K6I)
Sc: 0.45
B.Area: 110.0
SDi: 1.64
Class: 7

Buried area details:
Sheets: 1+2
residue	type	s.ch.	b.b.	total
1	L	24.9	0.0	24.9
2	I	0.0	0.0	0.0
3	I	0.0	0.0	0.0
4	K	0.0	0.0	0.0
5	G	0.0	0.0	0.0
6	I	0.0	0.0	0.0
1	L	0.0	0.0	0.0
2	I	0.0	0.0	0.0
3	I	0.0	0.0	0.0
4	K	67.9	0.0	67.9
5	G	0.0	6.0	6.0
6	I	63.9	55.6	119.5
1	L	26.0	1.2	27.2
2	I	0.0	0.0	0.0
3	I	0.0	0.0	0.0
4	K	0.0	0.0	0.0
5	G	0.0	0.0	0.0
6	I	0.0	0.0	0.0
1	L	0.0	0.0	0.0
2	I	0.0	0.0	0.0
3	I	0.0	0.0	0.0
4	K	67.9	3.1	71.0
5	G	0.0	8.4	8.4
6	I	71.5	43.3	114.8

Sheets: 1+9
residue	type	s.ch.	b.b.	total
1	L	25.9	1.2	27.1
2	I	0.0	0.0	0.0
3	I	0.0	0.0	0.0
4	K	0.0	0.0	0.0
5	G	0.0	0.0	0.0
6	I	0.0	0.0	0.0
1	L	0.0	0.0	0.0
2	I	0.0	0.0	0.0
3	I	0.0	0.0	0.0
4	K	67.9	3.1	71.0
5	G	0.0	8.5	8.5
6	I	71.5	43.3	114.8
1	L	24.9	0.0	24.9
2	I	0.0	0.0	0.0
3	I	0.0	0.0	0.0
4	K	0.0	0.0	0.0
5	G	0.0	0.0	0.0
6	I	0.0	0.0	0.0
1	L	0.0	0.0	0.0
2	I	0.0	0.0	0.0
3	I	0.0	0.0	0.0
4	K	67.9	0.0	67.9
5	G	0.0	6.0	6.0
6	I	63.9	55.6	119.5


Interface 2
Sheets: 1+5, 1+6
Sidechains: (2I,3I5G6I)+(2I,3I5G6I)
Sc: 0.63
B.Area: 93.3
SDi: 1.28
Class: 7

Buried area details:
Sheets: 1+5
residue	type	s.ch.	b.b.	total
1	L	0.0	11.2	11.2
2	I	13.6	0.0	13.6
3	I	0.0	0.0	0.0
4	K	0.0	0.0	0.0
5	G	0.0	0.0	0.0
6	I	0.0	0.0	0.0
1	L	0.0	0.0	0.0
2	I	0.0	0.0	0.0
3	I	23.8	0.0	23.8
4	K	0.0	9.0	9.0
5	G	23.7	1.7	25.4
6	I	100.0	2.8	102.8
1	L	0.0	14.4	14.4
2	I	17.3	0.0	17.3
3	I	0.0	0.0	0.0
4	K	0.0	0.0	0.0
5	G	0.0	0.0	0.0
6	I	0.0	0.0	0.0
1	L	0.0	0.0	0.0
2	I	0.0	0.0	0.0
3	I	18.8	2.8	21.6
4	K	0.0	3.8	3.8
5	G	18.2	5.8	24.0
6	I	85.4	20.8	106.2

Sheets: 1+6
residue	type	s.ch.	b.b.	total
1	L	0.0	14.4	14.4
2	I	17.3	0.0	17.3
3	I	0.0	0.0	0.0
4	K	0.0	0.0	0.0
5	G	0.0	0.0	0.0
6	I	0.0	0.0	0.0
1	L	0.0	0.0	0.0
2	I	0.0	0.0	0.0
3	I	18.8	2.8	21.6
4	K	0.0	3.8	3.8
5	G	18.2	5.8	24.0
6	I	85.4	20.8	106.2
1	L	0.0	11.2	11.2
2	I	13.5	0.0	13.5
3	I	0.0	0.0	0.0
4	K	0.0	0.0	0.0
5	G	0.0	0.0	0.0
6	I	0.0	0.0	0.0
1	L	0.0	0.0	0.0
2	I	0.0	0.0	0.0
3	I	23.8	0.0	23.8
4	K	0.0	9.0	9.0
5	G	23.7	1.7	25.4
6	I	100.0	2.6	102.6


Interface 3
Sheets: 1+3, 1+8
Sidechains: (1L3I,2I4K)+(1L3I,2I4K)
Sc: 0.81
B.Area: 82.8
SDi: 0.99
Class: 7

Buried area details:
Sheets: 1+3
residue	type	s.ch.	b.b.	total
1	L	32.5	0.0	32.5
2	I	0.0	0.0	0.0
3	I	59.5	0.0	59.5
4	K	0.0	2.1	2.1
5	G	1.3	0.0	1.3
6	I	0.0	0.0	0.0
1	L	0.0	0.0	0.0
2	I	54.8	0.0	54.8
3	I	0.0	0.0	0.0
4	K	18.5	0.0	18.5
5	G	0.0	0.0	0.0
6	I	0.0	0.0	0.0
1	L	27.5	0.0	27.5
2	I	0.0	0.0	0.0
3	I	53.3	0.0	53.3
4	K	0.0	0.0	0.0
5	G	0.0	0.0	0.0
6	I	0.0	0.0	0.0
1	L	0.0	0.0	0.0
2	I	54.0	0.0	54.0
3	I	0.0	0.0	0.0
4	K	27.4	0.0	27.4
5	G	0.0	0.0	0.0
6	I	0.0	0.0	0.0

Sheets: 1+8
residue	type	s.ch.	b.b.	total
1	L	27.3	0.0	27.3
2	I	0.0	0.0	0.0
3	I	53.3	0.0	53.3
4	K	0.0	0.0	0.0
5	G	0.0	0.0	0.0
6	I	0.0	0.0	0.0
1	L	0.0	0.0	0.0
2	I	54.1	0.0	54.1
3	I	0.0	0.0	0.0
4	K	27.4	0.0	27.4
5	G	0.0	0.0	0.0
6	I	0.0	0.0	0.0
1	L	32.5	0.0	32.5
2	I	0.0	0.0	0.0
3	I	59.5	0.0	59.5
4	K	0.0	2.1	2.1
5	G	1.3	0.0	1.3
6	I	0.0	0.0	0.0
1	L	0.0	0.0	0.0
2	I	54.8	0.0	54.8
3	I	0.0	0.0	0.0
4	K	18.5	0.0	18.5
5	G	0.0	0.0	0.0
6	I	0.0	0.0	0.0


