Evaluation of 6RHB
Main class is 8
Packing is 3D
The number of interfaces is 1

Interface 1
Sheets: 5+1, 1+7, 1+10, 12+1
Sidechains: (1I3T,4L6V)+(2A4L,3T5Y)
Sc: 0.74
B.Area: 99.8
SDi: 1.46
Class: 8

Buried area details:
Sheets: 5+1
residue	type	s.ch.	b.b.	total
1	I	69.6	0.7	70.3
2	A	0.0	0.0	0.0
3	T	20.0	0.0	20.0
4	L	0.0	0.0	0.0
5	Y	0.0	0.0	0.0
6	V	0.0	0.0	0.0
1	I	0.0	0.0	0.0
2	A	0.0	0.0	0.0
3	T	0.0	0.0	0.0
4	L	45.8	0.0	45.8
5	Y	0.0	0.0	0.0
6	V	51.2	23.3	74.5
1	I	0.0	0.4	0.4
2	A	31.7	6.4	38.1
3	T	0.0	4.3	4.3
4	L	27.9	0.0	27.9
5	Y	0.0	0.0	0.0
6	V	0.0	0.0	0.0
1	I	0.0	0.0	0.0
2	A	0.0	0.0	0.0
3	T	33.3	0.0	33.3
4	L	0.0	2.7	2.7
5	Y	81.4	0.2	81.6
6	V	0.0	0.0	0.0

Sheets: 1+7
residue	type	s.ch.	b.b.	total
1	I	69.8	0.7	70.5
2	A	0.0	0.0	0.0
3	T	20.2	0.0	20.2
4	L	0.0	0.0	0.0
5	Y	0.0	0.0	0.0
6	V	0.0	0.0	0.0
1	I	0.0	0.0	0.0
2	A	0.0	0.0	0.0
3	T	0.0	0.0	0.0
4	L	45.5	0.0	45.5
5	Y	0.0	0.0	0.0
6	V	51.2	22.8	74.0
1	I	0.0	0.2	0.2
2	A	31.2	6.3	37.5
3	T	0.0	4.6	4.6
4	L	27.9	0.0	27.9
5	Y	0.0	0.0	0.0
6	V	0.0	0.0	0.0
1	I	0.0	0.0	0.0
2	A	0.0	0.0	0.0
3	T	32.6	0.0	32.6
4	L	0.0	2.7	2.7
5	Y	81.4	0.2	81.6
6	V	0.0	0.0	0.0

Sheets: 1+10
residue	type	s.ch.	b.b.	total
1	I	70.0	0.9	70.9
2	A	0.0	0.0	0.0
3	T	19.6	0.0	19.6
4	L	0.0	0.0	0.0
5	Y	0.0	0.0	0.0
6	V	0.0	0.0	0.0
1	I	0.0	0.0	0.0
2	A	0.0	0.0	0.0
3	T	0.0	0.0	0.0
4	L	46.2	0.0	46.2
5	Y	0.0	0.0	0.0
6	V	51.9	22.8	74.7
1	I	0.0	0.4	0.4
2	A	31.0	5.7	36.7
3	T	0.0	4.0	4.0
4	L	28.0	0.0	28.0
5	Y	0.0	0.0	0.0
6	V	0.0	0.0	0.0
1	I	0.0	0.0	0.0
2	A	0.0	0.0	0.0
3	T	32.4	0.2	32.6
4	L	0.0	2.9	2.9
5	Y	81.3	0.2	81.5
6	V	0.0	0.0	0.0

Sheets: 12+1
residue	type	s.ch.	b.b.	total
1	I	70.8	0.8	71.6
2	A	0.0	0.0	0.0
3	T	20.1	0.0	20.1
4	L	0.0	0.0	0.0
5	Y	0.0	0.0	0.0
6	V	0.0	0.0	0.0
1	I	0.0	0.0	0.0
2	A	0.0	0.0	0.0
3	T	0.0	0.0	0.0
4	L	46.9	0.0	46.9
5	Y	0.0	0.0	0.0
6	V	52.7	23.3	76.0
1	I	0.0	0.3	0.3
2	A	31.3	6.5	37.8
3	T	0.0	3.9	3.9
4	L	27.7	0.0	27.7
5	Y	0.0	0.0	0.0
6	V	0.0	0.0	0.0
1	I	0.0	0.0	0.0
2	A	0.0	0.0	0.0
3	T	33.4	0.2	33.6
4	L	0.0	3.0	3.0
5	Y	82.6	0.3	82.9
6	V	0.0	0.0	0.0


