Evaluation of 8ANL
Main class is 7
Secondary class is 8
Packing is 3D
The number of interfaces is 3

Interface 1
Sheets: 6+2, 2+16
Sidechains: (2F,3I5W)+(2F4E,3I5W)
Sc: 0.75
B.Area: 90.3
SDi: 1.24
Class: 7

Buried area details:
Sheets: 6+2
residue	type	s.ch.	b.b.	total
1	L	0.0	0.0	0.0
2	F	54.8	0.0	54.8
3	I	0.0	0.0	0.0
4	E	10.0	0.0	10.0
5	W	0.0	0.0	0.0
6	L	0.0	0.0	0.0
1	L	0.0	0.0	0.0
2	F	0.0	0.0	0.0
3	I	12.9	0.0	12.9
4	E	0.0	0.0	0.0
5	W	101.7	0.0	101.7
6	L	0.0	0.0	0.0
1	L	0.0	1.3	1.3
2	F	37.0	0.0	37.0
3	I	0.0	0.0	0.0
4	E	11.2	0.0	11.2
5	W	0.0	0.0	0.0
6	L	0.0	0.0	0.0
1	L	0.0	0.0	0.0
2	F	0.0	0.0	0.0
3	I	18.4	0.0	18.4
4	E	0.0	0.0	0.0
5	W	105.9	0.0	105.9
6	L	0.0	8.3	8.3

Sheets: 2+16
residue	type	s.ch.	b.b.	total
1	L	0.0	0.0	0.0
2	F	54.8	0.0	54.8
3	I	0.0	0.0	0.0
4	E	10.0	0.0	10.0
5	W	0.0	0.0	0.0
6	L	0.0	0.0	0.0
1	L	0.0	0.0	0.0
2	F	0.0	0.0	0.0
3	I	12.9	0.0	12.9
4	E	0.0	0.0	0.0
5	W	101.7	0.0	101.7
6	L	0.0	0.0	0.0
1	L	0.0	1.3	1.3
2	F	37.0	0.0	37.0
3	I	0.0	0.0	0.0
4	E	11.2	0.0	11.2
5	W	0.0	0.0	0.0
6	L	0.0	0.0	0.0
1	L	0.0	0.0	0.0
2	F	0.0	0.0	0.0
3	I	18.4	0.0	18.4
4	E	0.0	0.0	0.0
5	W	105.9	0.0	105.9
6	L	0.0	8.3	8.3


Interface 2
Sheets: 1+5, 1+15
Sidechains: (1L3I,2F4E6L)+(1L3I,2F4E6L)
Sc: 0.68
B.Area: 86.8
SDi: 1.28
Class: 7

Buried area details:
Sheets: 1+5
residue	type	s.ch.	b.b.	total
1	L	32.0	0.0	32.0
2	F	0.0	0.0	0.0
3	I	35.1	0.0	35.1
4	E	0.0	0.0	0.0
5	W	0.0	0.0	0.0
6	L	0.0	0.0	0.0
1	L	0.0	0.0	0.0
2	F	36.2	0.0	36.2
3	I	0.0	0.0	0.0
4	E	30.7	0.0	30.7
5	W	0.0	0.0	0.0
6	L	39.6	0.0	39.6
1	L	29.2	0.0	29.2
2	F	0.0	0.0	0.0
3	I	36.5	0.0	36.5
4	E	0.0	0.0	0.0
5	W	0.0	0.0	0.0
6	L	0.0	0.0	0.0
1	L	0.0	0.0	0.0
2	F	31.0	0.0	31.0
3	I	0.0	0.0	0.0
4	E	35.1	0.0	35.1
5	W	0.0	0.0	0.0
6	L	41.6	0.0	41.6

Sheets: 1+15
residue	type	s.ch.	b.b.	total
1	L	29.2	0.0	29.2
2	F	0.0	0.0	0.0
3	I	36.5	0.0	36.5
4	E	0.0	0.0	0.0
5	W	0.0	0.0	0.0
6	L	0.0	0.0	0.0
1	L	0.0	0.0	0.0
2	F	31.2	0.0	31.2
3	I	0.0	0.0	0.0
4	E	35.1	0.0	35.1
5	W	0.0	0.0	0.0
6	L	41.6	0.0	41.6
1	L	32.0	0.0	32.0
2	F	0.0	0.0	0.0
3	I	35.1	0.0	35.1
4	E	0.0	0.0	0.0
5	W	0.0	0.0	0.0
6	L	0.0	0.0	0.0
1	L	0.0	0.0	0.0
2	F	36.2	0.0	36.2
3	I	0.0	0.0	0.0
4	E	30.7	0.0	30.7
5	W	0.0	0.0	0.0
6	L	39.6	0.0	39.6


Interface 3
Sheets: 1+2, 1+12, 9+2
Sidechains: (1L3I,4E6L)+(2F,5W)
Sc: 0.55
B.Area: 73.9
SDi: 1.33
Class: 8

Buried area details:
Sheets: 1+2
residue	type	s.ch.	b.b.	total
1	L	33.8	0.0	33.8
2	F	0.0	0.0	0.0
3	I	15.2	0.0	15.2
4	E	0.0	0.0	0.0
5	W	0.0	0.0	0.0
6	L	0.0	0.0	0.0
1	L	0.0	0.0	0.0
2	F	0.0	0.0	0.0
3	I	0.0	0.0	0.0
4	E	34.1	0.0	34.1
5	W	0.0	0.0	0.0
6	L	49.6	0.0	49.6
1	L	0.0	0.0	0.0
2	F	33.0	0.0	33.0
3	I	0.0	0.0	0.0
4	E	0.0	0.0	0.0
5	W	0.0	0.0	0.0
6	L	0.0	0.0	0.0
1	L	0.0	0.0	0.0
2	F	0.0	0.0	0.0
3	I	0.0	0.0	0.0
4	E	0.0	0.0	0.0
5	W	105.0	0.0	105.0
6	L	0.0	0.0	0.0

Sheets: 1+12
residue	type	s.ch.	b.b.	total
1	L	36.9	0.0	36.9
2	F	0.0	0.0	0.0
3	I	18.9	0.0	18.9
4	E	0.0	0.0	0.0
5	W	0.0	0.0	0.0
6	L	0.0	0.0	0.0
1	L	0.0	0.0	0.0
2	F	3.6	0.0	3.6
3	I	0.0	0.0	0.0
4	E	49.9	0.0	49.9
5	W	0.0	0.0	0.0
6	L	40.5	0.0	40.5
1	L	0.0	3.1	3.1
2	F	41.4	0.0	41.4
3	I	0.0	0.0	0.0
4	E	0.0	0.0	0.0
5	W	0.0	0.0	0.0
6	L	0.0	0.0	0.0
1	L	0.0	0.0	0.0
2	F	0.0	0.0	0.0
3	I	0.0	0.0	0.0
4	E	0.0	0.0	0.0
5	W	113.4	0.0	113.4
6	L	0.0	0.0	0.0

Sheets: 9+2
residue	type	s.ch.	b.b.	total
1	L	36.9	0.0	36.9
2	F	0.0	0.0	0.0
3	I	18.9	0.0	18.9
4	E	0.0	0.0	0.0
5	W	0.0	0.0	0.0
6	L	0.0	0.0	0.0
1	L	0.0	0.0	0.0
2	F	3.8	0.0	3.8
3	I	0.0	0.0	0.0
4	E	49.9	0.0	49.9
5	W	0.0	0.0	0.0
6	L	40.5	0.0	40.5
1	L	0.0	3.1	3.1
2	F	41.4	0.0	41.4
3	I	0.0	0.0	0.0
4	E	0.0	0.0	0.0
5	W	0.0	0.0	0.0
6	L	0.0	0.0	0.0
1	L	0.0	0.0	0.0
2	F	0.0	0.0	0.0
3	I	0.0	0.0	0.0
4	E	0.0	0.0	0.0
5	W	113.5	0.0	113.5
6	L	0.0	0.0	0.0


