Evaluation of 6O4J
Main class is 7
Packing is 2D
The number of interfaces is 1

Interface 1
Sheets: 8+1, 1+11
Sidechains: (1K3V5F7E9V11S,2L4F6A)+(1K3V5F7E9V11S,2L4F6A8N)
Sc: 0.75
B.Area: 264.7
SDi: 1.54
Class: 7

Buried area details:
Sheets: 8+1
residue	type	s.ch.	b.b.	total
1	K	73.0	0.0	73.0
2	L	0.0	0.0	0.0
3	V	32.8	0.0	32.8
4	F	0.0	0.0	0.0
5	F	57.2	0.0	57.2
6	A	0.0	0.0	0.0
7	E	46.6	4.9	51.5
8	N	0.3	1.3	1.6
9	V	58.8	12.1	70.9
10	G	1.7	23.1	24.8
11	S	51.3	32.8	84.1
1	K	0.0	0.0	0.0
2	L	54.5	0.0	54.5
3	V	0.0	0.0	0.0
4	F	64.0	0.0	64.0
5	F	0.0	0.0	0.0
6	A	11.6	0.0	11.6
7	E	0.0	0.0	0.0
8	N	6.5	0.0	6.5
9	V	0.0	0.0	0.0
10	G	0.0	0.0	0.0
11	S	0.0	0.0	0.0
1	K	84.7	5.1	89.8
2	L	0.0	0.0	0.0
3	V	37.8	0.0	37.8
4	F	0.0	0.0	0.0
5	F	79.4	0.0	79.4
6	A	0.0	0.0	0.0
7	E	62.0	0.2	62.2
8	N	0.0	0.0	0.0
9	V	58.7	10.0	68.7
10	G	0.0	0.0	0.0
11	S	21.5	0.0	21.5
1	K	0.0	0.0	0.0
2	L	39.8	0.0	39.8
3	V	0.0	0.0	0.0
4	F	48.6	0.0	48.6
5	F	0.0	0.0	0.0
6	A	16.0	0.5	16.5
7	E	0.0	20.4	20.4
8	N	38.2	3.3	41.5
9	V	0.0	0.0	0.0
10	G	0.0	0.0	0.0
11	S	0.0	0.0	0.0

Sheets: 1+11
residue	type	s.ch.	b.b.	total
1	K	73.0	0.0	73.0
2	L	0.0	0.0	0.0
3	V	32.8	0.0	32.8
4	F	0.0	0.0	0.0
5	F	57.2	0.0	57.2
6	A	0.0	0.0	0.0
7	E	46.6	4.9	51.5
8	N	0.3	1.3	1.6
9	V	58.6	12.1	70.7
10	G	1.7	23.3	25.0
11	S	51.3	32.8	84.1
1	K	0.0	0.0	0.0
2	L	54.5	0.0	54.5
3	V	0.0	0.0	0.0
4	F	64.0	0.0	64.0
5	F	0.0	0.0	0.0
6	A	11.6	0.0	11.6
7	E	0.0	0.0	0.0
8	N	6.5	0.0	6.5
9	V	0.0	0.0	0.0
10	G	0.0	0.0	0.0
11	S	0.0	0.0	0.0
1	K	84.7	5.1	89.8
2	L	0.0	0.0	0.0
3	V	37.8	0.0	37.8
4	F	0.0	0.0	0.0
5	F	79.5	0.0	79.5
6	A	0.0	0.0	0.0
7	E	61.8	0.2	62.0
8	N	0.0	0.0	0.0
9	V	58.7	10.0	68.7
10	G	0.0	0.0	0.0
11	S	21.5	0.0	21.5
1	K	0.0	0.0	0.0
2	L	40.2	0.0	40.2
3	V	0.0	0.0	0.0
4	F	48.6	0.0	48.6
5	F	0.0	0.0	0.0
6	A	16.0	0.5	16.5
7	E	0.0	20.4	20.4
8	N	38.2	3.3	41.5
9	V	0.0	0.0	0.0
10	G	0.0	0.0	0.0
11	S	0.0	0.0	0.0


