Evaluation of 8DTS
Main class is 6
Secondary class is 5
Packing is 3D
The number of interfaces is 3

Interface 1
Sheets: 5+1, 6+2, 4+5
Sidechains: (2F4S,2F4S)+(3S5F,5F)
Sc: 0.77
B.Area: 98.8
SDi: 1.07
Class: 6

Buried area details:
Sheets: 5+1
residue	type	s.ch.	b.b.	total
1	A	0.0	0.2	0.2
2	F	74.3	0.0	74.3
3	S	0.0	0.0	0.0
4	S	41.3	0.5	41.8
5	F	0.0	0.0	0.0
6	N	0.0	0.0	0.0
1	A	0.0	0.0	0.0
2	F	62.4	0.0	62.4
3	S	0.0	0.0	0.0
4	S	22.7	0.0	22.7
5	F	0.0	0.0	0.0
6	N	0.0	0.0	0.0
1	A	0.0	0.0	0.0
2	F	0.0	0.0	0.0
3	S	12.5	0.0	12.5
4	S	0.0	0.0	0.0
5	F	68.6	0.0	68.6
6	N	0.0	9.1	9.1
1	A	2.3	0.0	2.3
2	F	0.0	0.0	0.0
3	S	8.7	0.0	8.7
4	S	0.0	0.0	0.0
5	F	88.5	0.0	88.5
6	N	0.0	7.8	7.8

Sheets: 6+2
residue	type	s.ch.	b.b.	total
1	A	0.0	0.0	0.0
2	F	74.1	0.0	74.1
3	S	0.0	0.0	0.0
4	S	38.9	0.3	39.2
5	F	0.0	0.0	0.0
6	N	0.0	0.0	0.0
1	A	0.0	0.0	0.0
2	F	58.5	0.0	58.5
3	S	0.0	0.0	0.0
4	S	22.3	0.0	22.3
5	F	0.0	0.0	0.0
6	N	0.0	0.0	0.0
1	A	0.0	0.0	0.0
2	F	0.0	0.0	0.0
3	S	12.1	0.0	12.1
4	S	0.0	0.3	0.3
5	F	75.1	0.0	75.1
6	N	0.0	8.9	8.9
1	A	3.0	0.0	3.0
2	F	0.0	0.8	0.8
3	S	9.8	0.0	9.8
4	S	0.0	0.0	0.0
5	F	84.7	0.0	84.7
6	N	0.0	2.1	2.1

Sheets: 4+5
residue	type	s.ch.	b.b.	total
1	A	0.0	0.1	0.1
2	F	73.7	0.0	73.7
3	S	0.0	0.5	0.5
4	S	29.3	0.0	29.3
5	F	0.0	0.0	0.0
6	N	3.8	0.0	3.8
1	A	0.0	0.0	0.0
2	F	62.9	0.0	62.9
3	S	0.0	0.0	0.0
4	S	23.0	0.0	23.0
5	F	0.0	0.0	0.0
6	N	0.0	0.0	0.0
1	A	0.0	0.0	0.0
2	F	0.0	0.0	0.0
3	S	15.6	0.0	15.6
4	S	0.0	0.3	0.3
5	F	75.2	0.0	75.2
6	N	0.0	9.1	9.1
1	A	2.8	0.0	2.8
2	F	0.0	0.8	0.8
3	S	5.7	0.0	5.7
4	S	0.0	0.0	0.0
5	F	86.3	0.0	86.3
6	N	0.0	6.1	6.1


Interface 2
Sheets: 1+28, 2+3, 3+36, 31+4, 27+6
Sidechains: (2F4S,2F4S)+(3S5F,3S5F)
Sc: 0.69
B.Area: 90.5
SDi: 0.98
Class: 6

Buried area details:
Sheets: 1+28
residue	type	s.ch.	b.b.	total
1	A	0.0	0.5	0.5
2	F	60.1	0.0	60.1
3	S	0.0	0.0	0.0
4	S	23.0	0.0	23.0
5	F	0.0	0.0	0.0
6	N	0.0	0.0	0.0
1	A	0.0	0.1	0.1
2	F	70.3	0.0	70.3
3	S	0.0	0.0	0.0
4	S	30.8	0.0	30.8
5	F	0.0	0.0	0.0
6	N	0.0	0.0	0.0
1	A	0.0	0.0	0.0
2	F	0.0	0.0	0.0
3	S	17.4	0.0	17.4
4	S	0.0	0.0	0.0
5	F	73.7	0.0	73.7
6	N	0.0	9.2	9.2
1	A	2.7	0.0	2.7
2	F	0.0	1.0	1.0
3	S	12.1	0.0	12.1
4	S	0.0	0.0	0.0
5	F	55.9	0.0	55.9
6	N	0.0	5.2	5.2

Sheets: 2+3
residue	type	s.ch.	b.b.	total
1	A	0.0	3.4	3.4
2	F	59.6	0.0	59.6
3	S	0.0	0.0	0.0
4	S	22.7	0.0	22.7
5	F	0.0	0.0	0.0
6	N	0.0	0.0	0.0
1	A	0.0	0.1	0.1
2	F	72.3	0.0	72.3
3	S	0.0	0.0	0.0
4	S	31.7	0.0	31.7
5	F	0.0	0.0	0.0
6	N	0.0	0.0	0.0
1	A	0.6	0.0	0.6
2	F	0.0	0.0	0.0
3	S	15.0	0.0	15.0
4	S	0.0	0.0	0.0
5	F	72.8	0.0	72.8
6	N	0.0	9.1	9.1
1	A	2.7	0.0	2.7
2	F	0.0	0.0	0.0
3	S	17.7	0.0	17.7
4	S	0.0	0.0	0.0
5	F	65.5	0.0	65.5
6	N	0.0	0.0	0.0

Sheets: 3+36
residue	type	s.ch.	b.b.	total
1	A	0.0	0.4	0.4
2	F	74.6	0.0	74.6
3	S	0.0	0.0	0.0
4	S	30.8	0.0	30.8
5	F	0.0	0.0	0.0
6	N	0.3	0.0	0.3
1	A	0.0	1.2	1.2
2	F	60.8	0.0	60.8
3	S	0.0	0.0	0.0
4	S	14.0	0.0	14.0
5	F	0.0	0.0	0.0
6	N	0.0	0.0	0.0
1	A	3.0	0.0	3.0
2	F	0.0	0.0	0.0
3	S	11.6	0.0	11.6
4	S	0.0	0.0	0.0
5	F	59.8	0.0	59.8
6	N	0.0	8.5	8.5
1	A	0.0	0.0	0.0
2	F	0.0	0.0	0.0
3	S	14.7	0.0	14.7
4	S	0.0	0.0	0.0
5	F	72.3	0.0	72.3
6	N	0.0	4.0	4.0

Sheets: 31+4
residue	type	s.ch.	b.b.	total
1	A	0.0	0.5	0.5
2	F	60.1	0.0	60.1
3	S	0.0	0.0	0.0
4	S	23.0	0.0	23.0
5	F	0.0	0.0	0.0
6	N	0.0	0.0	0.0
1	A	0.0	0.1	0.1
2	F	70.3	0.0	70.3
3	S	0.0	0.0	0.0
4	S	30.8	0.0	30.8
5	F	0.0	0.0	0.0
6	N	0.0	0.0	0.0
1	A	0.0	0.0	0.0
2	F	0.0	0.0	0.0
3	S	17.4	0.0	17.4
4	S	0.0	0.0	0.0
5	F	74.0	0.0	74.0
6	N	0.0	9.2	9.2
1	A	2.7	0.0	2.7
2	F	0.0	1.0	1.0
3	S	12.1	0.0	12.1
4	S	0.0	0.0	0.0
5	F	55.7	0.0	55.7
6	N	0.0	5.2	5.2

Sheets: 27+6
residue	type	s.ch.	b.b.	total
1	A	0.0	0.4	0.4
2	F	74.6	0.0	74.6
3	S	0.0	0.0	0.0
4	S	30.8	0.0	30.8
5	F	0.0	0.0	0.0
6	N	0.3	0.0	0.3
1	A	0.0	1.2	1.2
2	F	60.8	0.0	60.8
3	S	0.0	0.0	0.0
4	S	14.0	0.0	14.0
5	F	0.0	0.0	0.0
6	N	0.0	0.0	0.0
1	A	3.0	0.0	3.0
2	F	0.0	0.0	0.0
3	S	11.6	0.0	11.6
4	S	0.0	0.0	0.0
5	F	59.8	0.0	59.8
6	N	0.0	8.5	8.5
1	A	0.0	0.0	0.0
2	F	0.0	0.0	0.0
3	S	14.7	0.0	14.7
4	S	0.0	0.0	0.0
5	F	72.3	0.0	72.3
6	N	0.0	4.0	4.0


Interface 3
Sheets: 1+39, 3+19, 5+48, 6+17
Sidechains: (1A,5F6N)+(1A,5F6N)
Sc: 0.87
B.Area: 83.8
SDi: 1.68
Class: 5

Buried area details:
Sheets: 1+39
residue	type	s.ch.	b.b.	total
1	A	11.0	4.7	15.7
2	F	0.0	0.0	0.0
3	S	0.0	0.0	0.0
4	S	0.0	0.0	0.0
5	F	0.0	0.0	0.0
6	N	0.0	0.0	0.0
1	A	0.0	0.0	0.0
2	F	0.0	0.0	0.0
3	S	0.0	0.0	0.0
4	S	0.0	0.0	0.0
5	F	21.7	0.0	21.7
6	N	49.4	77.8	127.2
1	A	10.9	4.8	15.7
2	F	0.0	0.0	0.0
3	S	0.0	0.0	0.0
4	S	0.0	0.0	0.0
5	F	0.0	0.0	0.0
6	N	0.0	0.0	0.0
1	A	0.0	0.0	0.0
2	F	0.0	0.0	0.0
3	S	0.0	0.0	0.0
4	S	0.0	0.0	0.0
5	F	21.6	0.0	21.6
6	N	49.6	77.1	126.7

Sheets: 3+19
residue	type	s.ch.	b.b.	total
1	A	10.9	4.8	15.7
2	F	0.0	0.0	0.0
3	S	0.0	0.0	0.0
4	S	0.0	0.0	0.0
5	F	0.0	0.0	0.0
6	N	0.0	0.0	0.0
1	A	0.0	0.0	0.0
2	F	0.0	0.0	0.0
3	S	0.0	0.0	0.0
4	S	0.0	0.0	0.0
5	F	21.6	0.0	21.6
6	N	49.8	77.1	126.9
1	A	11.0	4.7	15.7
2	F	0.0	0.0	0.0
3	S	0.0	0.0	0.0
4	S	0.0	0.0	0.0
5	F	0.0	0.0	0.0
6	N	0.0	0.0	0.0
1	A	0.0	0.0	0.0
2	F	0.0	0.0	0.0
3	S	0.0	0.0	0.0
4	S	0.0	0.0	0.0
5	F	21.7	0.0	21.7
6	N	49.4	77.7	127.1

Sheets: 5+48
residue	type	s.ch.	b.b.	total
1	A	10.5	4.3	14.8
2	F	0.0	0.0	0.0
3	S	0.0	0.0	0.0
4	S	0.0	0.0	0.0
5	F	0.0	0.0	0.0
6	N	0.0	0.0	0.0
1	A	0.0	0.0	0.0
2	F	0.0	0.0	0.0
3	S	0.0	0.0	0.0
4	S	0.0	0.0	0.0
5	F	22.2	0.0	22.2
6	N	53.4	79.6	133.0
1	A	10.3	4.7	15.0
2	F	0.0	0.0	0.0
3	S	0.0	0.0	0.0
4	S	0.0	0.0	0.0
5	F	0.0	0.0	0.0
6	N	0.0	0.0	0.0
1	A	0.0	0.0	0.0
2	F	0.0	0.0	0.0
3	S	0.0	0.0	0.0
4	S	0.0	0.0	0.0
5	F	27.5	0.0	27.5
6	N	48.8	80.4	129.2

Sheets: 6+17
residue	type	s.ch.	b.b.	total
1	A	10.3	4.7	15.0
2	F	0.0	0.0	0.0
3	S	0.0	0.0	0.0
4	S	0.0	0.0	0.0
5	F	0.0	0.0	0.0
6	N	0.0	0.0	0.0
1	A	0.0	0.0	0.0
2	F	0.0	0.0	0.0
3	S	0.0	0.0	0.0
4	S	0.0	0.0	0.0
5	F	27.5	0.0	27.5
6	N	48.8	80.6	129.4
1	A	10.5	4.3	14.8
2	F	0.0	0.0	0.0
3	S	0.0	0.0	0.0
4	S	0.0	0.0	0.0
5	F	0.0	0.0	0.0
6	N	0.0	0.0	0.0
1	A	0.0	0.0	0.0
2	F	0.0	0.0	0.0
3	S	0.0	0.0	0.0
4	S	0.0	0.0	0.0
5	F	22.2	0.0	22.2
6	N	53.4	79.6	133.0


