Evaluation of 8ANM
Main class is 8
Packing is 3D
The number of interfaces is 1

Interface 1
Sheets: 1+8, 9+1, 12+1, 1+14
Sidechains: (1L3I,4Q6L)+(2Y,3I5W)
Sc: 0.7
B.Area: 86.0
SDi: 1.27
Class: 8

Buried area details:
Sheets: 1+8
residue	type	s.ch.	b.b.	total
1	L	30.3	8.4	38.7
2	Y	0.0	0.0	0.0
3	I	12.0	0.0	12.0
4	Q	0.0	0.0	0.0
5	W	0.0	0.0	0.0
6	L	0.0	0.0	0.0
1	L	0.0	0.0	0.0
2	Y	6.2	0.0	6.2
3	I	0.0	0.0	0.0
4	Q	28.2	0.0	28.2
5	W	0.0	0.0	0.0
6	L	58.3	32.1	90.4
1	L	0.0	0.0	0.0
2	Y	64.8	0.0	64.8
3	I	0.0	0.0	0.0
4	Q	5.7	0.0	5.7
5	W	0.0	0.0	0.0
6	L	0.0	0.0	0.0
1	L	0.0	0.0	0.0
2	Y	0.0	0.0	0.0
3	I	19.3	0.0	19.3
4	Q	0.0	0.0	0.0
5	W	77.3	0.0	77.3
6	L	0.0	0.0	0.0

Sheets: 9+1
residue	type	s.ch.	b.b.	total
1	L	30.1	8.2	38.3
2	Y	0.0	0.0	0.0
3	I	12.5	0.0	12.5
4	Q	0.0	0.0	0.0
5	W	0.0	0.0	0.0
6	L	0.0	0.0	0.0
1	L	0.0	0.0	0.0
2	Y	6.5	0.0	6.5
3	I	0.0	0.0	0.0
4	Q	29.0	0.0	29.0
5	W	0.0	0.0	0.0
6	L	57.4	32.2	89.6
1	L	0.0	0.0	0.0
2	Y	64.2	0.0	64.2
3	I	0.0	0.0	0.0
4	Q	5.3	0.0	5.3
5	W	0.0	0.0	0.0
6	L	0.0	0.0	0.0
1	L	0.0	0.0	0.0
2	Y	0.0	0.0	0.0
3	I	18.5	0.0	18.5
4	Q	0.0	0.0	0.0
5	W	78.6	0.0	78.6
6	L	0.0	0.0	0.0

Sheets: 12+1
residue	type	s.ch.	b.b.	total
1	L	30.0	8.7	38.7
2	Y	0.0	0.0	0.0
3	I	12.0	0.0	12.0
4	Q	0.0	0.0	0.0
5	W	0.0	0.0	0.0
6	L	0.0	0.0	0.0
1	L	0.0	0.0	0.0
2	Y	6.6	0.0	6.6
3	I	0.0	0.0	0.0
4	Q	28.1	0.0	28.1
5	W	0.0	0.0	0.0
6	L	58.5	32.2	90.7
1	L	0.0	0.0	0.0
2	Y	64.6	0.0	64.6
3	I	0.0	0.0	0.0
4	Q	5.5	0.0	5.5
5	W	0.0	0.0	0.0
6	L	0.0	0.0	0.0
1	L	0.0	0.0	0.0
2	Y	0.0	0.0	0.0
3	I	19.1	0.0	19.1
4	Q	0.0	0.0	0.0
5	W	79.9	0.0	79.9
6	L	0.0	0.0	0.0

Sheets: 1+14
residue	type	s.ch.	b.b.	total
1	L	30.3	8.5	38.8
2	Y	0.0	0.0	0.0
3	I	11.8	0.0	11.8
4	Q	0.0	0.0	0.0
5	W	0.0	0.0	0.0
6	L	0.0	0.0	0.0
1	L	0.0	0.0	0.0
2	Y	6.5	0.0	6.5
3	I	0.0	0.0	0.0
4	Q	28.6	0.0	28.6
5	W	0.0	0.0	0.0
6	L	58.7	32.1	90.8
1	L	0.0	0.0	0.0
2	Y	64.4	0.0	64.4
3	I	0.0	0.0	0.0
4	Q	5.1	0.0	5.1
5	W	0.0	0.0	0.0
6	L	0.0	0.0	0.0
1	L	0.0	0.0	0.0
2	Y	0.0	0.0	0.0
3	I	18.9	0.0	18.9
4	Q	0.0	0.0	0.0
5	W	80.2	0.0	80.2
6	L	0.0	0.0	0.0


