Evaluation of 3FOD
Main class is 8
Packing is 2D
The number of interfaces is 1

Interface 1
Sheets: 1+3, 1+31, 2+4, 2+44, 3+41, 4+30
Sidechains: (1A3L5S,2I4S6T)+(1A3L5S,2I4S6T)
Sc: 0.56
B.Area: 111.6
SDi: 1.3
Class: 8

Buried area details:
Sheets: 1+3
residue	type	s.ch.	b.b.	total
1	A	17.3	0.0	17.3
2	I	0.0	0.0	0.0
3	L	73.5	0.0	73.5
4	S	0.0	0.0	0.0
5	S	15.1	0.0	15.1
6	T	0.0	0.0	0.0
1	A	0.0	0.0	0.0
2	I	54.1	0.0	54.1
3	L	0.0	0.0	0.0
4	S	21.3	0.0	21.3
5	S	0.0	0.0	0.0
6	T	45.6	0.3	45.9
1	A	20.2	0.0	20.2
2	I	0.0	0.0	0.0
3	L	53.4	0.0	53.4
4	S	0.0	0.0	0.0
5	S	20.2	0.0	20.2
6	T	0.0	0.0	0.0
1	A	0.0	0.0	0.0
2	I	66.5	0.0	66.5
3	L	0.0	0.0	0.0
4	S	18.6	0.0	18.6
5	S	0.0	0.0	0.0
6	T	39.4	0.0	39.4

Sheets: 1+31
residue	type	s.ch.	b.b.	total
1	A	19.1	0.0	19.1
2	I	0.0	0.0	0.0
3	L	69.7	0.0	69.7
4	S	0.0	0.0	0.0
5	S	24.6	0.0	24.6
6	T	0.0	0.0	0.0
1	A	0.0	0.0	0.0
2	I	68.3	0.0	68.3
3	L	0.0	0.0	0.0
4	S	16.2	0.0	16.2
5	S	0.0	0.0	0.0
6	T	41.0	0.0	41.0
1	A	17.5	0.0	17.5
2	I	0.0	0.0	0.0
3	L	55.1	0.0	55.1
4	S	0.0	0.0	0.0
5	S	14.1	0.0	14.1
6	T	0.0	0.0	0.0
1	A	0.0	0.0	0.0
2	I	52.4	0.0	52.4
3	L	0.0	0.0	0.0
4	S	26.2	0.0	26.2
5	S	0.0	0.0	0.0
6	T	45.6	0.1	45.7

Sheets: 2+4
residue	type	s.ch.	b.b.	total
1	A	22.3	0.0	22.3
2	I	0.0	0.9	0.9
3	L	60.0	0.0	60.0
4	S	0.0	0.0	0.0
5	S	11.3	0.0	11.3
6	T	0.0	0.0	0.0
1	A	0.0	0.0	0.0
2	I	47.2	0.0	47.2
3	L	0.0	0.0	0.0
4	S	25.5	0.0	25.5
5	S	0.0	0.0	0.0
6	T	42.7	0.0	42.7
1	A	11.3	0.0	11.3
2	I	0.0	0.0	0.0
3	L	49.6	0.0	49.6
4	S	0.0	0.0	0.0
5	S	22.7	0.0	22.7
6	T	0.0	0.0	0.0
1	A	0.0	0.0	0.0
2	I	69.8	0.0	69.8
3	L	0.0	0.0	0.0
4	S	26.4	0.0	26.4
5	S	0.0	0.0	0.0
6	T	42.7	0.0	42.7

Sheets: 2+44
residue	type	s.ch.	b.b.	total
1	A	21.7	0.0	21.7
2	I	0.0	0.8	0.8
3	L	75.1	0.0	75.1
4	S	0.0	0.0	0.0
5	S	14.8	0.0	14.8
6	T	0.0	0.0	0.0
1	A	0.0	0.0	0.0
2	I	47.1	0.0	47.1
3	L	0.0	0.0	0.0
4	S	23.8	0.0	23.8
5	S	0.0	0.0	0.0
6	T	43.6	0.0	43.6
1	A	11.8	0.0	11.8
2	I	0.0	0.0	0.0
3	L	50.5	0.0	50.5
4	S	0.0	0.0	0.0
5	S	22.5	0.0	22.5
6	T	0.0	0.0	0.0
1	A	0.0	0.0	0.0
2	I	68.8	0.0	68.8
3	L	0.0	0.0	0.0
4	S	25.4	0.0	25.4
5	S	0.0	0.0	0.0
6	T	44.5	0.0	44.5

Sheets: 3+41
residue	type	s.ch.	b.b.	total
1	A	17.5	0.0	17.5
2	I	0.0	0.0	0.0
3	L	55.1	0.0	55.1
4	S	0.0	0.0	0.0
5	S	14.1	0.0	14.1
6	T	0.0	0.0	0.0
1	A	0.0	0.0	0.0
2	I	52.4	0.0	52.4
3	L	0.0	0.0	0.0
4	S	26.2	0.0	26.2
5	S	0.0	0.0	0.0
6	T	45.6	0.1	45.7
1	A	19.1	0.0	19.1
2	I	0.0	0.0	0.0
3	L	69.9	0.0	69.9
4	S	0.0	0.0	0.0
5	S	24.6	0.0	24.6
6	T	0.0	0.0	0.0
1	A	0.0	0.0	0.0
2	I	68.3	0.0	68.3
3	L	0.0	0.0	0.0
4	S	16.2	0.0	16.2
5	S	0.0	0.0	0.0
6	T	41.0	0.0	41.0

Sheets: 4+30
residue	type	s.ch.	b.b.	total
1	A	12.0	0.0	12.0
2	I	0.0	0.0	0.0
3	L	50.5	0.0	50.5
4	S	0.0	0.0	0.0
5	S	22.5	0.0	22.5
6	T	0.0	0.0	0.0
1	A	0.0	0.0	0.0
2	I	68.8	0.0	68.8
3	L	0.0	0.0	0.0
4	S	25.4	0.0	25.4
5	S	0.0	0.0	0.0
6	T	44.5	0.0	44.5
1	A	21.7	0.0	21.7
2	I	0.0	0.8	0.8
3	L	75.1	0.0	75.1
4	S	0.0	0.0	0.0
5	S	14.8	0.0	14.8
6	T	0.0	0.0	0.0
1	A	0.0	0.0	0.0
2	I	47.1	0.0	47.1
3	L	0.0	0.0	0.0
4	S	23.8	0.0	23.8
5	S	0.0	0.0	0.0
6	T	43.6	0.0	43.6


