Evaluation of 5WMJ
Main class is 7
Packing is 2D
The number of interfaces is 1

Interface 1
Sheets: 1+2, 1+16, 2+6
Sidechains: (1K3W5S,2V)+(1K3W5S,2V)
Sc: 0.64
B.Area: 120.4
SDi: 1.25
Class: 7

Buried area details:
Sheets: 1+2
residue	type	s.ch.	b.b.	total
1	K	55.7	0.0	55.7
2	V	0.0	0.0	0.0
3	W	78.0	0.0	78.0
4	G	0.0	4.1	4.1
5	S	30.6	0.0	30.6
6	I	0.0	8.6	8.6
1	K	0.0	6.9	6.9
2	V	43.9	0.0	43.9
3	W	0.0	0.2	0.2
4	G	0.0	0.0	0.0
5	S	0.0	0.0	0.0
6	I	6.2	0.0	6.2
1	K	61.9	0.0	61.9
2	V	0.0	0.0	0.0
3	W	89.5	0.0	89.5
4	G	0.0	0.0	0.0
5	S	37.3	2.8	40.1
6	I	0.0	4.5	4.5
1	K	0.0	10.5	10.5
2	V	40.5	0.0	40.5
3	W	0.0	0.0	0.0
4	G	0.1	0.0	0.1
5	S	0.0	0.0	0.0
6	I	2.6	0.0	2.6

Sheets: 1+16
residue	type	s.ch.	b.b.	total
1	K	54.4	0.0	54.4
2	V	0.0	0.0	0.0
3	W	76.0	0.0	76.0
4	G	0.0	3.5	3.5
5	S	30.0	0.0	30.0
6	I	0.0	8.3	8.3
1	K	0.0	6.9	6.9
2	V	43.5	0.0	43.5
3	W	0.0	0.0	0.0
4	G	0.0	0.0	0.0
5	S	0.0	0.0	0.0
6	I	6.5	0.0	6.5
1	K	62.2	0.0	62.2
2	V	0.0	0.0	0.0
3	W	88.7	0.0	88.7
4	G	0.0	0.0	0.0
5	S	38.5	2.8	41.3
6	I	0.0	4.3	4.3
1	K	0.0	10.5	10.5
2	V	41.3	0.0	41.3
3	W	0.0	0.0	0.0
4	G	0.3	0.0	0.3
5	S	0.0	0.0	0.0
6	I	2.8	0.0	2.8

Sheets: 2+6
residue	type	s.ch.	b.b.	total
1	K	62.0	0.0	62.0
2	V	0.0	0.0	0.0
3	W	88.7	0.0	88.7
4	G	0.0	0.0	0.0
5	S	38.5	2.8	41.3
6	I	0.0	4.3	4.3
1	K	0.0	10.5	10.5
2	V	41.3	0.0	41.3
3	W	0.0	0.0	0.0
4	G	0.3	0.0	0.3
5	S	0.0	0.0	0.0
6	I	2.8	0.0	2.8
1	K	54.4	0.0	54.4
2	V	0.0	0.0	0.0
3	W	76.0	0.0	76.0
4	G	0.0	3.5	3.5
5	S	30.0	0.0	30.0
6	I	0.0	8.3	8.3
1	K	0.0	6.9	6.9
2	V	43.5	0.0	43.5
3	W	0.0	0.0	0.0
4	G	0.0	0.0	0.0
5	S	0.0	0.0	0.0
6	I	6.5	0.0	6.5


