Evaluation of 2Y3J
Main class is 2
Packing is 2D
The number of interfaces is 2

Interface 1
Sheets: 2+1, 1+10, 29+2
Sidechains: (1A3I5L,3I5L)+(2I4G6M,2I4G6M)
Sc: 0.71
B.Area: 168.9
SDi: 1.71
Class: 2

Buried area details:
Sheets: 2+1
residue	type	s.ch.	b.b.	total
1	A	21.8	2.6	24.4
2	I	0.0	0.2	0.2
3	I	58.9	0.0	58.9
4	G	0.0	0.0	0.0
5	L	69.0	1.9	70.9
6	M	0.0	11.5	11.5
1	A	8.2	13.3	21.5
2	I	0.0	4.0	4.0
3	I	53.6	0.2	53.8
4	G	0.0	0.0	0.0
5	L	51.2	1.1	52.3
6	M	0.0	28.9	28.9
1	A	0.0	0.5	0.5
2	I	70.1	1.0	71.1
3	I	0.0	5.8	5.8
4	G	21.5	12.7	34.2
5	L	0.0	0.0	0.0
6	M	74.7	0.0	74.7
1	A	0.0	0.5	0.5
2	I	58.3	2.2	60.5
3	I	0.0	10.5	10.5
4	G	16.0	9.5	25.5
5	L	0.0	7.0	7.0
6	M	42.5	0.0	42.5

Sheets: 1+10
residue	type	s.ch.	b.b.	total
1	A	27.3	1.8	29.1
2	I	0.0	4.1	4.1
3	I	57.2	0.7	57.9
4	G	0.0	0.0	0.0
5	L	58.0	2.0	60.0
6	M	0.0	35.7	35.7
1	A	9.0	11.0	20.0
2	I	0.0	1.7	1.7
3	I	57.2	0.2	57.4
4	G	0.0	0.0	0.0
5	L	54.9	4.5	59.4
6	M	0.0	17.7	17.7
1	A	0.0	0.0	0.0
2	I	67.6	0.2	67.8
3	I	0.0	11.5	11.5
4	G	12.2	6.2	18.4
5	L	0.0	2.5	2.5
6	M	69.1	2.0	71.1
1	A	0.0	0.0	0.0
2	I	60.7	0.0	60.7
3	I	0.0	6.7	6.7
4	G	23.0	17.8	40.8
5	L	0.0	2.1	2.1
6	M	59.4	0.0	59.4

Sheets: 29+2
residue	type	s.ch.	b.b.	total
1	A	27.3	1.8	29.1
2	I	0.0	4.1	4.1
3	I	57.2	0.7	57.9
4	G	0.0	0.0	0.0
5	L	58.2	2.0	60.2
6	M	0.0	35.7	35.7
1	A	9.0	11.0	20.0
2	I	0.0	1.7	1.7
3	I	57.2	0.2	57.4
4	G	0.0	0.0	0.0
5	L	54.9	4.5	59.4
6	M	0.0	17.7	17.7
1	A	0.0	0.0	0.0
2	I	67.6	0.2	67.8
3	I	0.0	11.5	11.5
4	G	12.2	6.2	18.4
5	L	0.0	2.5	2.5
6	M	69.2	2.0	71.2
1	A	0.0	0.0	0.0
2	I	60.7	0.0	60.7
3	I	0.0	6.7	6.7
4	G	23.0	17.8	40.8
5	L	0.0	2.1	2.1
6	M	59.4	0.0	59.4


Interface 2
Sheets: 4+3, 3+32, 11+4
Sidechains: (1A3I5L,1A3I5L)+(2I4G6M,2I4G6M)
Sc: 0.69
B.Area: 168.3
SDi: 1.64
Class: 2

Buried area details:
Sheets: 4+3
residue	type	s.ch.	b.b.	total
1	A	20.7	6.3	27.0
2	I	0.0	2.4	2.4
3	I	59.8	0.0	59.8
4	G	0.0	0.0	0.0
5	L	65.8	1.0	66.8
6	M	0.0	24.1	24.1
1	A	19.9	3.9	23.8
2	I	0.0	1.6	1.6
3	I	57.3	0.0	57.3
4	G	0.0	0.0	0.0
5	L	57.0	2.0	59.0
6	M	0.0	14.9	14.9
1	A	0.0	1.6	1.6
2	I	60.7	0.8	61.5
3	I	0.0	5.5	5.5
4	G	20.5	9.8	30.3
5	L	0.0	4.8	4.8
6	M	57.3	0.2	57.5
1	A	0.0	12.2	12.2
2	I	68.7	2.0	70.7
3	I	0.0	3.9	3.9
4	G	22.3	15.3	37.6
5	L	0.0	3.7	3.7
6	M	68.4	0.0	68.4

Sheets: 3+32
residue	type	s.ch.	b.b.	total
1	A	27.7	3.0	30.7
2	I	0.0	2.7	2.7
3	I	64.0	0.0	64.0
4	G	0.0	0.0	0.0
5	L	62.4	2.5	64.9
6	M	0.0	25.5	25.5
1	A	16.0	5.3	21.3
2	I	0.0	0.7	0.7
3	I	50.0	0.0	50.0
4	G	0.0	0.0	0.0
5	L	60.7	0.3	61.0
6	M	0.0	16.6	16.6
1	A	0.0	3.0	3.0
2	I	68.1	0.5	68.6
3	I	0.0	7.8	7.8
4	G	16.5	8.8	25.3
5	L	0.0	5.2	5.2
6	M	45.0	0.0	45.0
1	A	0.0	0.0	0.0
2	I	53.3	1.2	54.5
3	I	0.0	5.6	5.6
4	G	20.3	7.3	27.6
5	L	0.0	5.8	5.8
6	M	76.6	0.0	76.6

Sheets: 11+4
residue	type	s.ch.	b.b.	total
1	A	27.7	3.0	30.7
2	I	0.0	2.7	2.7
3	I	64.0	0.0	64.0
4	G	0.0	0.0	0.0
5	L	62.4	2.5	64.9
6	M	0.0	25.5	25.5
1	A	16.0	5.3	21.3
2	I	0.0	0.7	0.7
3	I	50.2	0.0	50.2
4	G	0.0	0.0	0.0
5	L	60.7	0.3	61.0
6	M	0.0	16.6	16.6
1	A	0.0	2.8	2.8
2	I	68.1	0.3	68.4
3	I	0.0	7.8	7.8
4	G	16.4	8.8	25.2
5	L	0.0	5.2	5.2
6	M	45.0	0.0	45.0
1	A	0.0	0.0	0.0
2	I	53.3	1.2	54.5
3	I	0.0	5.6	5.6
4	G	20.3	7.3	27.6
5	L	0.0	5.8	5.8
6	M	76.6	0.0	76.6


