Evaluation of 6PQ5
Main class is 7
Packing is 2D
The number of interfaces is 1

Interface 1
Sheets: 1+2, 1+9, 8+2
Sidechains: (1A3A5A,2G4A6A)+(1A3A5A,4A6A)
Sc: 0.71
B.Area: 128.3
SDi: 1.35
Class: 7

Buried area details:
Sheets: 1+2
residue	type	s.ch.	b.b.	total
1	A	43.7	3.3	47.0
2	G	1.4	5.3	6.7
3	A	39.8	3.0	42.8
4	A	0.0	7.7	7.7
5	A	26.3	0.9	27.2
6	A	0.0	0.0	0.0
1	A	0.0	0.0	0.0
2	G	6.0	7.0	13.0
3	A	0.0	8.2	8.2
4	A	37.3	4.3	41.6
5	A	0.0	6.3	6.3
6	A	37.0	18.9	55.9
1	A	39.8	3.4	43.2
2	G	2.6	4.8	7.4
3	A	37.5	2.8	40.3
4	A	0.0	4.8	4.8
5	A	25.9	0.2	26.1
6	A	0.0	0.0	0.0
1	A	0.0	0.0	0.0
2	G	4.7	10.5	15.2
3	A	0.0	8.9	8.9
4	A	41.0	3.2	44.2
5	A	0.0	9.0	9.0
6	A	42.2	15.1	57.3

Sheets: 1+9
residue	type	s.ch.	b.b.	total
1	A	43.8	2.8	46.6
2	G	1.0	5.6	6.6
3	A	39.7	2.6	42.3
4	A	0.0	8.8	8.8
5	A	27.2	1.0	28.2
6	A	0.0	0.0	0.0
1	A	0.0	0.0	0.0
2	G	6.5	7.5	14.0
3	A	0.0	8.7	8.7
4	A	37.3	4.0	41.3
5	A	0.0	6.3	6.3
6	A	36.0	18.8	54.8
1	A	39.8	3.2	43.0
2	G	2.7	4.4	7.1
3	A	37.7	3.0	40.7
4	A	0.0	5.8	5.8
5	A	25.7	0.2	25.9
6	A	0.0	0.0	0.0
1	A	0.0	0.0	0.0
2	G	4.3	9.9	14.2
3	A	0.0	7.8	7.8
4	A	42.0	3.7	45.7
5	A	0.0	8.9	8.9
6	A	41.5	14.3	55.8

Sheets: 8+2
residue	type	s.ch.	b.b.	total
1	A	43.8	2.8	46.6
2	G	1.0	5.6	6.6
3	A	39.7	2.8	42.5
4	A	0.0	8.8	8.8
5	A	27.2	1.0	28.2
6	A	0.0	0.0	0.0
1	A	0.0	0.0	0.0
2	G	6.5	7.5	14.0
3	A	0.0	8.7	8.7
4	A	37.3	4.0	41.3
5	A	0.0	6.3	6.3
6	A	36.0	18.8	54.8
1	A	39.8	3.2	43.0
2	G	2.7	4.4	7.1
3	A	37.7	3.0	40.7
4	A	0.0	5.8	5.8
5	A	25.7	0.2	25.9
6	A	0.0	0.0	0.0
1	A	0.0	0.0	0.0
2	G	4.3	9.9	14.2
3	A	0.0	7.9	7.9
4	A	42.0	3.7	45.7
5	A	0.0	8.9	8.9
6	A	41.5	14.1	55.6


