Evaluation of 2OKZ
Main class is 8
Packing is 2D
The number of interfaces is 1

Interface 1
Sheets: 2+1, 8+1, 2+9
Sidechains: (1M3G,4G6V)+(1M4G5V,2V3G6V)
Sc: 0.83
B.Area: 103.6
SDi: 1.51
Class: 8

Buried area details:
Sheets: 2+1
residue	type	s.ch.	b.b.	total
1	M	77.4	2.2	79.6
2	V	0.0	6.6	6.6
3	G	17.5	4.7	22.2
4	G	0.0	0.0	0.0
5	V	0.0	0.0	0.0
6	V	0.0	0.0	0.0
1	M	0.0	0.0	0.0
2	V	3.1	0.0	3.1
3	G	0.0	3.1	3.1
4	G	19.5	6.5	26.0
5	V	0.0	2.0	2.0
6	V	66.1	0.0	66.1
1	M	26.9	0.0	26.9
2	V	0.0	0.0	0.0
3	G	0.0	0.0	0.0
4	G	13.5	1.1	14.6
5	V	53.7	0.0	53.7
6	V	0.0	0.0	0.0
1	M	0.0	0.0	0.0
2	V	69.1	3.4	72.5
3	G	11.5	2.2	13.7
4	G	0.0	0.0	0.0
5	V	0.0	0.0	0.0
6	V	21.3	0.0	21.3

Sheets: 8+1
residue	type	s.ch.	b.b.	total
1	M	76.7	2.2	78.9
2	V	0.0	7.3	7.3
3	G	17.7	5.2	22.9
4	G	0.0	0.0	0.0
5	V	0.0	0.0	0.0
6	V	0.0	0.0	0.0
1	M	0.0	0.0	0.0
2	V	3.3	0.0	3.3
3	G	0.0	3.0	3.0
4	G	19.1	6.5	25.6
5	V	0.0	1.7	1.7
6	V	68.7	0.2	68.9
1	M	27.8	0.0	27.8
2	V	0.0	0.0	0.0
3	G	0.0	0.0	0.0
4	G	13.2	1.5	14.7
5	V	55.0	0.0	55.0
6	V	0.0	0.0	0.0
1	M	0.0	0.0	0.0
2	V	69.6	2.9	72.5
3	G	11.3	1.8	13.1
4	G	0.0	0.0	0.0
5	V	0.0	0.0	0.0
6	V	21.2	0.0	21.2

Sheets: 2+9
residue	type	s.ch.	b.b.	total
1	M	76.7	2.2	78.9
2	V	0.0	7.3	7.3
3	G	17.7	5.2	22.9
4	G	0.0	0.0	0.0
5	V	0.0	0.0	0.0
6	V	0.0	0.0	0.0
1	M	0.0	0.0	0.0
2	V	3.3	0.0	3.3
3	G	0.0	3.0	3.0
4	G	19.1	6.5	25.6
5	V	0.0	1.7	1.7
6	V	68.7	0.2	68.9
1	M	27.8	0.0	27.8
2	V	0.0	0.0	0.0
3	G	0.0	0.0	0.0
4	G	13.2	1.5	14.7
5	V	55.0	0.0	55.0
6	V	0.0	0.0	0.0
1	M	0.0	0.0	0.0
2	V	69.6	2.9	72.5
3	G	11.3	1.8	13.1
4	G	0.0	0.0	0.0
5	V	0.0	0.0	0.0
6	V	21.2	0.0	21.2


