Evaluation of 5KO0
Main class is 6
Packing is 2D
The number of interfaces is 1

Interface 1
Sheets: 1+3, 8+1
Sidechains: (2L4H,8N)+(3V5S7N,7N9F)
Sc: 0.67
B.Area: 118.2
SDi: 1.18
Class: 6

Buried area details:
Sheets: 1+3
residue	type	s.ch.	b.b.	total
1	F	0.0	35.5	35.5
2	L	83.8	2.3	86.1
3	V	0.0	0.0	0.0
4	H	61.8	0.0	61.8
5	S	0.0	0.0	0.0
6	S	0.0	0.0	0.0
7	N	0.0	0.0	0.0
8	N	0.0	0.0	0.0
9	F	0.0	0.0	0.0
10	G	0.0	0.0	0.0
11	A	0.0	0.0	0.0
1	F	0.0	0.0	0.0
2	L	0.0	0.0	0.0
3	V	0.0	0.0	0.0
4	H	0.0	0.0	0.0
5	S	0.0	0.0	0.0
6	S	1.5	0.0	1.5
7	N	0.0	1.0	1.0
8	N	28.3	0.0	28.3
9	F	0.0	0.0	0.0
10	G	0.0	0.0	0.0
11	A	0.0	27.8	27.8
1	F	1.7	0.0	1.7
2	L	0.0	0.0	0.0
3	V	34.1	0.6	34.7
4	H	0.0	3.0	3.0
5	S	25.3	0.0	25.3
6	S	0.0	0.0	0.0
7	N	27.0	0.0	27.0
8	N	0.0	0.0	0.0
9	F	0.0	0.0	0.0
10	G	0.0	0.0	0.0
11	A	0.0	0.0	0.0
1	F	0.0	0.0	0.0
2	L	0.0	0.0	0.0
3	V	0.0	0.0	0.0
4	H	0.0	0.0	0.0
5	S	1.3	0.0	1.3
6	S	0.0	0.0	0.0
7	N	48.5	1.0	49.5
8	N	0.0	4.3	4.3
9	F	84.1	0.0	84.1
10	G	0.0	0.0	0.0
11	A	0.0	0.0	0.0

Sheets: 8+1
residue	type	s.ch.	b.b.	total
1	F	0.0	35.5	35.5
2	L	83.8	2.3	86.1
3	V	0.0	0.0	0.0
4	H	61.8	0.0	61.8
5	S	0.0	0.0	0.0
6	S	0.0	0.0	0.0
7	N	0.0	0.0	0.0
8	N	0.0	0.0	0.0
9	F	0.0	0.0	0.0
10	G	0.0	0.0	0.0
11	A	0.0	0.0	0.0
1	F	0.0	0.0	0.0
2	L	0.0	0.0	0.0
3	V	0.0	0.0	0.0
4	H	0.0	0.0	0.0
5	S	0.0	0.0	0.0
6	S	1.5	0.0	1.5
7	N	0.0	1.0	1.0
8	N	28.3	0.0	28.3
9	F	0.0	0.0	0.0
10	G	0.0	0.0	0.0
11	A	0.0	27.8	27.8
1	F	1.7	0.0	1.7
2	L	0.0	0.0	0.0
3	V	34.1	0.6	34.7
4	H	0.0	3.0	3.0
5	S	25.3	0.0	25.3
6	S	0.0	0.0	0.0
7	N	27.0	0.0	27.0
8	N	0.0	0.0	0.0
9	F	0.0	0.0	0.0
10	G	0.0	0.0	0.0
11	A	0.0	0.0	0.0
1	F	0.0	0.0	0.0
2	L	0.0	0.0	0.0
3	V	0.0	0.0	0.0
4	H	0.0	0.0	0.0
5	S	1.4	0.0	1.4
6	S	0.0	0.0	0.0
7	N	48.5	1.0	49.5
8	N	0.0	4.3	4.3
9	F	84.1	0.0	84.1
10	G	0.0	0.0	0.0
11	A	0.0	0.0	0.0


