Evaluation of 2Y3K
Main class is 2
Packing is 2D
The number of interfaces is 1

Interface 1
Sheets: 1+2, 10+1, 2+29, 3+4, 32+3, 4+11
Sidechains: (1M3G5V7I,1M3G5V7I)+(2V4G6V,2V4G6V)
Sc: 0.47
B.Area: 167.3
SDi: 1.49
Class: 2
Steric clash between 3 and 4

Buried area details:
Sheets: 1+2
residue	type	s.ch.	b.b.	total
1	M	59.3	0.0	59.3
2	V	0.0	0.0	0.0
3	G	13.3	5.8	19.1
4	G	0.0	2.9	2.9
5	V	48.0	0.0	48.0
6	V	0.0	0.1	0.1
7	I	75.6	0.0	75.6
8	A	0.0	2.9	2.9
1	M	16.0	0.0	16.0
2	V	0.0	0.0	0.0
3	G	11.2	6.7	17.9
4	G	0.2	2.1	2.3
5	V	53.7	0.0	53.7
6	V	0.0	0.0	0.0
7	I	76.3	0.0	76.3
8	A	0.0	0.0	0.0
1	M	0.0	25.7	25.7
2	V	68.9	1.2	70.1
3	G	0.0	8.0	8.0
4	G	18.0	9.0	27.0
5	V	0.0	4.3	4.3
6	V	28.0	1.3	29.3
7	I	0.0	0.0	0.0
8	A	0.0	0.0	0.0
1	M	0.0	16.8	16.8
2	V	54.6	1.0	55.6
3	G	0.0	5.7	5.7
4	G	16.5	8.5	25.0
5	V	0.0	4.9	4.9
6	V	25.0	0.2	25.2
7	I	0.0	0.0	0.0
8	A	0.0	0.0	0.0

Sheets: 10+1
residue	type	s.ch.	b.b.	total
1	M	39.4	0.0	39.4
2	V	0.0	0.0	0.0
3	G	8.5	4.8	13.3
4	G	0.0	2.8	2.8
5	V	49.8	0.0	49.8
6	V	0.0	0.0	0.0
7	I	73.4	0.0	73.4
8	A	0.0	0.0	0.0
1	M	32.5	0.0	32.5
2	V	0.0	0.0	0.0
3	G	18.5	6.0	24.5
4	G	0.0	1.7	1.7
5	V	49.8	0.0	49.8
6	V	0.0	0.0	0.0
7	I	81.0	0.0	81.0
8	A	0.0	2.6	2.6
1	M	0.0	12.0	12.0
2	V	68.6	1.5	70.1
3	G	0.0	6.5	6.5
4	G	17.0	7.9	24.9
5	V	0.0	4.1	4.1
6	V	20.7	1.7	22.4
7	I	0.0	0.0	0.0
8	A	0.0	0.0	0.0
1	M	0.0	28.0	28.0
2	V	68.1	1.0	69.1
3	G	0.7	8.8	9.5
4	G	16.4	10.6	27.0
5	V	0.0	6.0	6.0
6	V	30.1	0.2	30.3
7	I	0.0	0.0	0.0
8	A	0.0	0.0	0.0

Sheets: 2+29
residue	type	s.ch.	b.b.	total
1	M	39.4	0.0	39.4
2	V	0.0	0.0	0.0
3	G	8.5	4.8	13.3
4	G	0.0	2.8	2.8
5	V	49.8	0.0	49.8
6	V	0.0	0.0	0.0
7	I	73.5	0.0	73.5
8	A	0.0	0.0	0.0
1	M	32.5	0.0	32.5
2	V	0.0	0.0	0.0
3	G	18.5	6.0	24.5
4	G	0.0	1.7	1.7
5	V	49.9	0.0	49.9
6	V	0.0	0.0	0.0
7	I	81.0	0.0	81.0
8	A	0.0	2.6	2.6
1	M	0.0	12.0	12.0
2	V	68.6	1.3	69.9
3	G	0.0	6.5	6.5
4	G	17.0	7.8	24.8
5	V	0.0	4.1	4.1
6	V	20.7	1.7	22.4
7	I	0.0	0.0	0.0
8	A	0.0	0.0	0.0
1	M	0.0	28.0	28.0
2	V	68.1	1.0	69.1
3	G	0.7	8.9	9.6
4	G	16.4	10.6	27.0
5	V	0.0	6.0	6.0
6	V	30.1	0.2	30.3
7	I	0.0	0.0	0.0
8	A	0.0	0.0	0.0

Sheets: 3+4
residue	type	s.ch.	b.b.	total
1	M	50.0	0.0	50.0
2	V	0.0	0.0	0.0
3	G	15.0	0.7	15.7
4	G	0.0	3.0	3.0
5	V	50.5	0.0	50.5
6	V	0.0	0.0	0.0
7	I	70.7	0.1	70.8
8	A	0.0	0.0	0.0
1	M	23.2	0.0	23.2
2	V	0.0	0.0	0.0
3	G	14.8	3.0	17.8
4	G	1.7	5.9	7.6
5	V	49.9	0.0	49.9
6	V	0.0	0.0	0.0
7	I	73.5	0.0	73.5
8	A	0.0	4.0	4.0
1	M	0.0	29.4	29.4
2	V	63.9	0.0	63.9
3	G	0.0	11.8	11.8
4	G	17.8	8.3	26.1
5	V	0.0	5.3	5.3
6	V	31.2	0.0	31.2
7	I	0.0	0.0	0.0
8	A	0.0	0.0	0.0
1	M	0.0	16.7	16.7
2	V	52.0	0.4	52.4
3	G	0.2	16.4	16.6
4	G	8.6	7.3	15.9
5	V	0.0	5.6	5.6
6	V	26.8	0.0	26.8
7	I	0.0	0.0	0.0
8	A	0.6	0.0	0.6

Sheets: 32+3
residue	type	s.ch.	b.b.	total
1	M	29.7	0.0	29.7
2	V	0.0	0.3	0.3
3	G	16.8	2.2	19.0
4	G	0.0	3.4	3.4
5	V	51.3	0.0	51.3
6	V	0.0	0.0	0.0
7	I	69.2	0.0	69.2
8	A	0.0	4.3	4.3
1	M	31.3	0.0	31.3
2	V	0.0	0.0	0.0
3	G	12.3	1.9	14.2
4	G	2.5	5.3	7.8
5	V	48.7	0.0	48.7
6	V	0.0	0.0	0.0
7	I	75.6	0.2	75.8
8	A	0.0	0.0	0.0
1	M	0.0	20.7	20.7
2	V	61.9	0.0	61.9
3	G	0.0	15.8	15.8
4	G	18.5	7.5	26.0
5	V	0.0	5.6	5.6
6	V	32.8	0.0	32.8
7	I	0.0	0.0	0.0
8	A	1.8	0.0	1.8
1	M	0.0	26.4	26.4
2	V	51.6	0.1	51.7
3	G	0.2	11.1	11.3
4	G	8.5	8.1	16.6
5	V	0.0	6.7	6.7
6	V	24.5	0.0	24.5
7	I	0.0	0.0	0.0
8	A	0.0	0.0	0.0

Sheets: 4+11
residue	type	s.ch.	b.b.	total
1	M	29.7	0.0	29.7
2	V	0.0	0.3	0.3
3	G	16.8	2.2	19.0
4	G	0.0	3.4	3.4
5	V	51.3	0.0	51.3
6	V	0.0	0.0	0.0
7	I	69.2	0.0	69.2
8	A	0.0	4.3	4.3
1	M	31.3	0.0	31.3
2	V	0.0	0.0	0.0
3	G	12.3	1.9	14.2
4	G	2.5	5.3	7.8
5	V	48.7	0.0	48.7
6	V	0.0	0.0	0.0
7	I	75.5	0.2	75.7
8	A	0.0	0.0	0.0
1	M	0.0	20.7	20.7
2	V	61.9	0.0	61.9
3	G	0.0	15.8	15.8
4	G	18.5	7.5	26.0
5	V	0.0	5.6	5.6
6	V	32.8	0.0	32.8
7	I	0.0	0.0	0.0
8	A	1.8	0.0	1.8
1	M	0.0	26.4	26.4
2	V	51.6	0.1	51.7
3	G	0.1	11.1	11.2
4	G	8.5	8.1	16.6
5	V	0.0	6.7	6.7
6	V	24.5	0.0	24.5
7	I	0.0	0.0	0.0
8	A	0.0	0.0	0.0


