Evaluation of 3OVJ
Main class is 8
Packing is 2D
The number of interfaces is 1

Interface 1
Sheets: 1+2, 1+8, 2+13
Sidechains: (1K5F,2L)+(1K5F,2L)
Sc: 0.6
B.Area: 54.3
SDi: 0.59
Class: 8

Buried area details:
Sheets: 1+2
residue	type	s.ch.	b.b.	total
1	K	23.9	0.0	23.9
2	L	0.0	0.0	0.0
3	V	0.0	0.0	0.0
4	F	0.0	0.0	0.0
5	F	70.4	0.0	70.4
6	A	0.0	0.0	0.0
1	K	0.0	0.0	0.0
2	L	24.1	0.0	24.1
3	V	0.0	0.0	0.0
4	F	0.0	0.0	0.0
5	F	0.0	0.0	0.0
6	A	0.0	0.0	0.0
1	K	23.7	0.0	23.7
2	L	0.0	0.0	0.0
3	V	6.5	0.0	6.5
4	F	0.0	0.0	0.0
5	F	34.4	0.0	34.4
6	A	0.0	0.0	0.0
1	K	0.0	0.0	0.0
2	L	35.9	0.0	35.9
3	V	0.0	0.0	0.0
4	F	0.0	0.0	0.0
5	F	0.0	0.0	0.0
6	A	0.0	0.0	0.0

Sheets: 1+8
residue	type	s.ch.	b.b.	total
1	K	21.3	0.0	21.3
2	L	0.0	0.0	0.0
3	V	6.3	0.0	6.3
4	F	0.0	0.0	0.0
5	F	32.8	0.0	32.8
6	A	0.0	0.0	0.0
1	K	0.0	0.0	0.0
2	L	37.8	0.0	37.8
3	V	0.0	0.0	0.0
4	F	0.0	0.0	0.0
5	F	0.0	0.0	0.0
6	A	0.0	0.0	0.0
1	K	21.1	0.0	21.1
2	L	0.0	0.0	0.0
3	V	0.0	0.0	0.0
4	F	0.0	0.0	0.0
5	F	73.5	0.0	73.5
6	A	0.0	0.0	0.0
1	K	0.0	0.0	0.0
2	L	23.2	0.0	23.2
3	V	0.0	0.0	0.0
4	F	0.0	0.0	0.0
5	F	0.0	0.0	0.0
6	A	0.0	0.0	0.0

Sheets: 2+13
residue	type	s.ch.	b.b.	total
1	K	21.1	0.0	21.1
2	L	0.0	0.0	0.0
3	V	0.0	0.0	0.0
4	F	0.0	0.0	0.0
5	F	73.5	0.0	73.5
6	A	0.0	0.0	0.0
1	K	0.0	0.0	0.0
2	L	23.2	0.0	23.2
3	V	0.0	0.0	0.0
4	F	0.0	0.0	0.0
5	F	0.0	0.0	0.0
6	A	0.0	0.0	0.0
1	K	21.3	0.0	21.3
2	L	0.0	0.0	0.0
3	V	6.3	0.0	6.3
4	F	0.0	0.0	0.0
5	F	32.8	0.0	32.8
6	A	0.0	0.0	0.0
1	K	0.0	0.0	0.0
2	L	37.8	0.0	37.8
3	V	0.0	0.0	0.0
4	F	0.0	0.0	0.0
5	F	0.0	0.0	0.0
6	A	0.0	0.0	0.0


